"LPRIX" "STUDIO" "T1" "T2" "T3" "T4" "T5" "HOUSE" "PARKING" "GREEN" "COORD1" "COORD2"
"1" 6.31716468674728 0 0 0 0 1 0 1 0 211.23683390924 93788 101695
"2" 6.41836493593621 0 0 0 0 1 0 1 1 518.941229813165 94136 101383
"3" 5.57594910314632 0 0 0 1 0 0 0 0 386.587635601554 93836 101398
"4" 5.74300318780948 0 0 0 0 1 0 0 0 436.836353798536 93993 101350
"5" 5.34710753071747 0 0 1 0 0 0 0 0 227.035239555449 93759 101109
"6" 5.05624580534831 0 0 1 0 0 0 0 0 227.035239555449 93759 101109
"7" 5.89164421182577 0 0 0 0 0 1 0 1 227.035239555449 93759 101109
"8" 5.34710753071747 0 0 1 0 0 0 0 0 227.035239555449 93759 101109
"9" 5.51342874616498 0 0 0 0 1 0 0 1 227.035239555449 93759 101109
"10" 5.94803498918065 0 0 0 0 0 1 0 1 227.035239555449 93759 101109
"11" 5.98645200528444 0 0 0 0 0 1 0 1 227.035239555449 93759 101109
"12" 5.34710753071747 0 0 1 0 0 0 0 1 227.035239555449 93759 101109
"13" 5.63478960316925 0 0 0 1 0 0 0 1 227.035239555449 93759 101109
"14" 5.71373280550937 0 0 0 0 1 0 0 1 227.035239555449 93759 101109
"15" 5.36597601502185 0 0 1 0 0 0 0 1 227.035239555449 93759 101109
"16" 5.48479693349065 0 0 0 1 0 0 0 1 227.035239555449 93759 101109
"17" 5.24174701505964 0 0 1 0 0 0 0 1 227.035239555449 93759 101109
"18" 5.4380793089232 0 0 0 1 0 0 0 1 227.035239555449 93759 101109
"19" 5.77455154554441 0 0 0 0 0 1 0 1 227.035239555449 93759 101109
"20" 5.80814248998044 0 0 0 0 1 0 0 1 227.035239555449 93759 101109
"21" 4.88280192258637 0 1 0 0 0 0 0 1 324.007715957506 93711 101390
"22" 4.94875989037817 1 0 0 0 0 0 0 1 324.007715957506 93711 101390
"23" 5.32300997913841 0 0 0 1 0 0 0 0 324.007715957506 93711 101390
"24" 5.49306144334055 0 0 1 0 0 0 0 0 324.007715957506 93711 101390
"25" 4.96284463025991 1 0 0 0 0 0 0 1 324.007715957506 93711 101390
"26" 4.96284463025991 1 0 0 0 0 0 0 1 324.007715957506 93711 101390
"27" 5.09375020080676 0 0 1 0 0 0 0 1 324.007715957506 93711 101390
"28" 5.82304589548302 0 0 0 1 0 0 0 0 324.007715957506 93711 101390
"29" 5.72358510195238 0 0 0 0 1 0 0 0 324.007715957506 93711 101390
"30" 5.10594547390058 1 0 0 0 0 0 0 1 324.007715957506 93711 101390
"31" 5.46383180502561 0 0 1 0 0 0 0 1 324.007715957506 93711 101390
"32" 5.84932477994686 0 0 0 0 0 1 0 1 324.007715957506 93711 101390
"33" 5.04985600724954 1 0 0 0 0 0 0 1 324.007715957506 93711 101390
"34" 6.09356977004514 0 0 0 0 0 1 0 0 324.007715957506 93711 101390
"35" 5.06890420222023 0 0 1 0 0 0 0 0 280.280216925847 93951 101199
"36" 5.75890177387728 0 0 0 0 1 0 0 0 280.280216925847 93951 101199
"37" 6.07764224334903 0 0 0 0 0 1 0 0 280.280216925847 93951 101199
"38" 5.73979291217923 0 0 0 0 0 1 0 0 280.280216925847 93951 101199
"39" 5.41610040220442 0 0 0 1 0 0 0 0 280.280216925847 93951 101199
"40" 6.06378520868761 0 0 0 0 1 0 0 1 280.280216925847 93951 101199
"41" 5.4380793089232 0 0 1 0 0 0 0 1 280.280216925847 93951 101199
"42" 5.6937321388027 0 0 0 0 1 0 0 0 280.280216925847 93951 101199
"43" 5.36597601502185 0 0 0 0 1 0 0 0 280.280216925847 93951 101199
"44" 5.47227067367148 0 0 0 1 0 0 0 0 280.280216925847 93951 101199
"45" 5.65248918026865 0 0 0 0 1 0 0 0 280.280216925847 93951 101199
"46" 5.65248918026865 0 0 0 0 1 0 0 0 280.280216925847 93951 101199
"47" 5.75890177387728 0 0 0 0 0 1 0 0 280.280216925847 93951 101199
"48" 5.46806014113513 0 0 0 1 0 0 0 0 280.280216925847 93951 101199
"49" 5.0998664278242 0 1 0 0 0 0 0 0 280.280216925847 93951 101199
"50" 5.51342874616498 0 0 0 1 0 0 0 0 280.280216925847 93951 101199
"51" 5.03043792139244 0 1 0 0 0 0 0 0 280.280216925847 93951 101199
"52" 5.55682806169954 0 0 0 1 0 0 0 0 280.280216925847 93951 101199
"53" 5.69035945432406 0 0 0 0 1 0 0 0 280.280216925847 93951 101199
"54" 5.32787616878958 0 0 1 0 0 0 0 0 280.280216925847 93951 101199
"55" 5.63835466933375 0 0 0 0 1 0 0 1 469.910629801029 94296 101165
"56" 5.65948221575962 0 0 0 0 1 0 0 1 469.910629801029 94296 101165
"57" 5.66642668811243 0 0 1 0 0 0 0 1 640.82446894606 94606 101084
"58" 5.8171111599632 0 0 0 1 0 0 0 1 640.82446894606 94606 101084
"59" 5.85220247977447 0 0 0 0 0 1 0 0 173.046236595888 93785 100789
"60" 6.26720054854136 0 0 0 0 0 1 1 0 568.338807402767 94452 100828
"61" 5.51342874616498 0 0 0 1 0 0 0 0 120.004166594331 94012 100926
"62" 5.03043792139244 0 1 0 0 0 0 0 1 309.61427615664 95115 100978
"63" 5.37527840768417 0 0 1 0 0 0 0 1 309.61427615664 95115 100978
"64" 6.35610766069589 0 0 0 0 1 0 1 0 174.91712323269 94980 100800
"65" 5.57594910314632 0 0 0 1 0 0 0 1 305.476676687435 94786 100634
"66" 6.24610676548156 0 0 0 0 1 0 0 1 305.476676687435 94786 100634
"67" 5.49306144334055 0 0 0 1 0 0 0 1 305.476676687435 94786 100634
"68" 5.27811465923052 0 1 0 0 0 0 0 1 355.114066181558 94735 100673
"69" 5.35185813347607 0 0 1 0 0 0 0 1 355.114066181558 94735 100673
"70" 5.0998664278242 1 0 0 0 0 0 0 1 355.114066181558 94735 100673
"71" 5.93753620508243 0 0 0 1 0 0 1 0 562.267729822724 94539 100776
"72" 6.35437004079735 0 0 0 0 0 1 1 1 523.30965976179 94637 100926
"73" 6.22059017009974 0 0 0 0 0 1 1 1 494.976767131549 94739 101013
"74" 5.21493575760899 0 1 0 0 0 0 0 1 307.936681803256 94981 100952
"75" 5.53338948872752 0 0 1 0 0 0 0 1 307.936681803256 94981 100952
"76" 5.37527840768417 0 0 1 0 0 0 0 0 307.936681803256 94981 100952
"77" 6.56244409369372 0 0 0 0 0 1 1 1 440.202226255161 94707 100881
"78" 6.52209279817015 0 0 0 0 1 0 1 1 374.42222156277 94846 100948
"79" 5.51745289646471 0 0 0 0 0 1 1 1 485.733466007851 94866 101095
"80" 5.69035945432406 0 0 1 0 0 0 0 1 415.061441234909 94910 101038
"81" 5.17048399503815 0 1 0 0 0 0 0 1 415.061441234909 94910 101038
"82" 6.20455776256869 0 0 0 0 0 1 1 1 285.043856274785 95185 101247
"83" 5.37527840768417 0 0 1 0 0 0 1 0 285.043856274785 95185 101247
"84" 6.24997524225948 0 0 0 0 0 1 1 1 748.000668448899 94469 101401
"85" 4.24849524204936 1 0 0 0 0 0 0 0 592.616233324738 94985 101485
"86" 5.91620206260744 0 0 0 1 0 0 0 1 592.616233324738 94985 101485
"87" 6.18826412308259 0 0 0 0 1 0 0 1 397.181318795333 95103 101324
"88" 5.62040086571715 0 0 0 1 0 0 0 0 580.682357231559 94856 101246
"89" 5.21493575760899 1 0 0 0 0 0 0 0 580.682357231559 94856 101246
"90" 5.21493575760899 1 0 0 0 0 0 0 0 580.682357231559 94856 101246
"91" 5.3890717298165 0 0 1 0 0 0 0 0 580.682357231559 94856 101246
"92" 5.32300997913841 1 0 0 0 0 0 0 1 NA NA NA
"93" 5.08759633523238 1 0 0 0 0 0 0 1 NA NA NA
"94" 5.91350300563827 0 0 0 0 1 0 1 1 NA NA NA
"95" 5.74300318780948 0 0 0 0 1 0 1 1 864.120940609589 95102 102214
"96" 5.81413053182507 0 0 0 1 0 0 1 1 864.120940609589 95102 102214
"97" 5.80513496891649 0 0 0 0 1 0 0 0 921.907804501079 94460 101950
"98" 5.91350300563827 0 0 0 0 0 1 0 0 921.907804501079 94460 101950
"99" 5.87773578177964 0 0 0 0 0 1 0 0 921.907804501079 94460 101950
"100" 6.03548143252476 0 0 0 1 0 0 0 0 921.907804501079 94460 101950
"101" 6.25190388316589 0 0 0 0 1 0 1 0 864.575040120868 94947 102490
"102" 4.66343909411207 0 0 0 1 0 0 1 0 1136.38241802661 94647 102965
"103" 5.16478597392351 0 0 1 0 0 0 1 0 NA NA NA
"104" 6.22059017009974 0 0 0 0 0 1 1 1 482.842624464742 95535 102343
"105" 4.86753445045558 0 1 0 0 0 0 0 0 630.292789106777 95229 102437
"106" 5.35185813347607 0 1 0 0 0 0 0 0 630.292789106777 95229 102437
"107" 5.31320597904179 0 0 0 0 1 0 0 0 452.092910804848 95388 102519
"108" 5.40267738187228 0 0 0 0 1 0 0 0 452.092910804848 95388 102519
"109" 4.57471097850338 0 1 0 0 0 0 0 0 683.878644205242 95245 102324
"110" 5.51745289646471 0 0 0 1 0 0 1 0 752.151580467661 95314 101818
"111" 6.19031540585315 0 0 0 0 0 1 1 1 809.267570090387 95683 101962
"112" 6.01859321449623 0 0 0 0 0 1 0 1 659.819672334798 95647 102118
"113" 5.06890420222023 1 0 0 0 0 0 0 1 659.819672334798 95647 102118
"114" 5.63835466933375 0 0 0 1 0 0 0 1 659.819672334798 95647 102118
"115" 6.56103066589657 0 0 0 0 0 1 1 1 659.819672334798 95647 102118
"116" 6.33150184989369 0 0 0 0 1 0 0 0 830.721373265429 95279 102094
"117" 5.86078622346587 0 0 0 0 0 1 1 1 741.002699050415 95467 102089
"118" 6.16541785423142 0 0 0 0 1 0 1 1 741.002699050415 95467 102089
"119" 6.48768401848461 0 0 0 0 0 1 1 1 629.2868980044 95856 101841
"120" 6.5875500148248 0 0 0 0 0 1 1 1 528.757033050152 95973 101782
"121" 4.7361984483945 0 1 0 0 0 0 0 0 657.179579719273 95484 101725
"122" 6.48463523563525 0 0 0 0 0 1 1 1 657.179579719273 95484 101725
"123" 5.65248918026865 0 0 0 0 1 0 0 0 634.832261310025 95641 101668
"124" 4.99043258677874 1 0 0 0 0 0 0 0 650.85559074191 95303 101714
"125" 6.45204895443723 0 0 0 0 1 0 0 1 650.85559074191 95303 101714
"126" 6.2709884318583 0 0 0 0 1 0 0 0 572.204508895203 95333 101639
"127" 6.39692965521615 0 0 0 0 1 0 0 1 572.204508895203 95333 101639
"128" 4.75359019110636 0 0 1 0 0 0 1 1 218.330025420234 96133 101500
"129" 5.81413053182507 0 0 1 0 0 0 0 1 576.321091059489 96184 101857
"130" 6.10031895202006 0 0 0 0 1 0 0 1 576.321091059489 96184 101857
"131" 6.4377516497364 0 0 0 0 0 1 1 1 576.321091059489 96184 101857
"132" 6.34738920965601 0 0 0 0 0 1 0 1 374.798612590815 96539 101404
"133" 6.1463292576689 0 0 0 0 0 1 0 1 374.798612590815 96539 101404
"134" 5.89989735358249 0 0 1 0 0 0 0 1 380.295937396128 96490 101442
"135" 6.47543271670409 0 0 0 0 0 1 1 1 369.437410125179 96417 101532
"136" 6.3279367837292 0 0 0 0 0 1 1 1 397.362554853876 96349 101623
"137" 6.49978704065585 0 0 0 0 1 0 1 1 519.985576723047 96482 101678
"138" 6.27476202124194 0 0 0 0 0 1 1 0 519.985576723047 96482 101678
"139" 6.20859002609663 0 0 0 0 1 0 1 1 689.472987143079 97152 101660
"140" 6.08449941307517 0 0 0 0 1 0 1 1 594.337446237405 97040 101618
"141" 6.1527326947041 0 0 0 0 1 0 0 0 391.163648617813 97114 100944
"142" 5.54517744447956 0 0 0 0 1 0 0 1 358.096355748003 97111 101125
"143" 5.88332238848828 0 0 0 0 1 0 0 1 358.096355748003 97111 101125
"144" 5.68017260901707 0 0 0 0 1 0 0 1 397.202719023926 97093 101304
"145" 5.88332238848828 0 0 0 0 1 0 0 1 397.202719023926 97093 101304
"146" 5.85793315448346 0 0 0 0 0 1 0 1 397.202719023926 97093 101304
"147" 6.38687931936265 0 0 0 0 0 1 1 1 266.270539113887 98076 101338
"148" 6.33505425149806 0 0 0 0 0 1 1 1 676.754756170949 97654 101191
"149" 5.49306144334055 0 0 0 1 0 0 0 0 694.525017547964 97448 101124
"150" 5.63478960316925 0 0 0 1 0 0 1 1 694.525017547964 97448 101124
"151" 5.42934562895444 0 0 0 1 0 0 0 0 529.740502510427 97828 101427
"152" 5.53733426701854 0 0 0 1 0 0 0 0 529.740502510427 97828 101427
"153" 6.36475075685191 0 0 0 0 0 1 1 1 483.616583669336 97859 101370
"154" 6.27852142416584 0 0 0 0 0 1 0 0 743.172254595124 97609 101440
"155" 4.68213122712422 0 0 0 0 1 0 0 0 580.904467188883 97759 101369
"156" 5.56068163101553 0 0 0 0 1 0 0 1 580.904467188883 97759 101369
"157" 5.25749537202778 0 0 0 1 0 0 0 0 546.717477313466 97286 100971
"158" 5.35185813347607 0 0 0 1 0 0 0 0 682.597978315201 97428 100989
"159" 5.51342874616498 0 0 0 0 1 0 0 1 682.597978315201 97428 100989
"160" 5.32300997913841 0 0 0 0 1 0 0 0 644.019409645393 97542 100952
"161" 5.4249500174814 0 0 0 0 1 0 0 0 644.019409645393 97542 100952
"162" 5.65248918026865 0 0 0 0 1 0 0 0 644.019409645393 97542 100952
"163" 4.9272536851572 0 1 0 0 0 0 0 0 424.317098406369 97444 100722
"164" 5.7268477475872 0 0 0 0 1 0 0 0 538.61396194306 97173 100705
"165" 5.35658627467201 0 0 0 1 0 0 0 0 538.61396194306 97173 100705
"166" 5.75890177387728 0 0 0 0 1 0 0 0 538.61396194306 97173 100705
"167" 5.65248918026865 0 0 0 1 0 0 0 0 538.61396194306 97173 100705
"168" 5.53733426701854 0 0 0 1 0 0 0 0 538.61396194306 97173 100705
"169" 5.95842469302978 0 0 0 0 1 0 0 0 538.61396194306 97173 100705
"170" 5.81413053182507 0 0 0 1 0 0 0 0 538.61396194306 97173 100705
"171" 5.77765232322266 0 0 0 0 1 0 0 1 538.61396194306 97173 100705
"172" 5.48893772615669 0 0 0 0 1 0 0 0 440.959181784437 97036 100758
"173" 5.56068163101553 0 0 0 1 0 0 0 0 440.959181784437 97036 100758
"174" 4.68213122712422 0 0 1 0 0 0 0 0 440.959181784437 97036 100758
"175" 5.31320597904179 0 0 0 1 0 0 0 0 440.959181784437 97036 100758
"176" 5.4510384535657 0 0 0 1 0 0 0 0 440.959181784437 97036 100758
"177" 5.85220247977447 0 0 0 0 1 0 0 0 360.188839360689 96944 100791
"178" 5.26269018890489 0 0 0 1 0 0 0 0 444.703271856639 97134 100866
"179" 5.57594910314632 0 0 0 0 0 1 0 0 480.408159797479 97188 100891
"180" 5.40267738187228 0 0 0 1 0 0 0 0 480.408159797479 97188 100891
"181" 5.47227067367148 0 0 0 0 1 0 0 0 480.408159797479 97188 100891
"182" 5.49306144334055 0 0 0 0 1 0 0 0 480.408159797479 97188 100891
"183" 5.54907608489522 0 0 0 1 0 0 0 0 560.679052578211 97285 100917
"184" 5.25227342804663 0 0 0 0 1 0 0 0 630.25074375204 97357 100912
"185" 5.38449506278909 0 0 0 0 1 0 0 0 597.101331433786 97408 100891
"186" 5.33753807970132 0 0 0 0 1 0 0 0 597.101331433786 97408 100891
"187" 5.50125821054473 0 0 0 1 0 0 0 0 597.101331433786 97408 100891
"188" 5.4249500174814 0 0 0 0 1 0 0 0 597.101331433786 97408 100891
"189" 5.44673737166631 0 0 0 0 1 0 0 0 597.101331433786 97408 100891
"190" 6.05678401322862 0 0 0 0 0 1 0 1 565.795899596312 97069 100627
"191" 5.99893656194668 0 0 0 0 0 1 0 0 480.759815292418 97108 100525
"192" 6.53378883793334 0 0 0 0 1 0 1 1 457.03938561135 97080 100314
"193" 5.61312810638807 0 0 0 1 0 0 1 0 448.037944821641 97980 100241
"194" 6.85118492749374 0 0 0 0 1 0 0 1 559.504244845381 98072 100118
"195" 5.87773578177964 0 0 0 1 0 0 0 0 425.301069831713 97917 100117
"196" 5.73009978297357 0 0 0 1 0 0 0 0 425.301069831713 97917 100117
"197" 4.99721227376411 0 0 1 0 0 0 0 1 425.301069831713 97917 100117
"198" 6.20859002609663 0 0 0 0 1 0 0 1 322.560071924595 97556 99986
"199" 6.03068526026126 0 0 0 1 0 0 0 1 322.560071924595 97556 99986
"200" 5.70711026474888 0 0 1 0 0 0 0 0 184.09236811992 97580 100129
"201" 6.0591231955818 0 0 0 1 0 0 0 1 184.09236811992 97580 100129
"202" 4.94875989037817 0 0 0 1 0 0 0 0 184.09236811992 97580 100129
"203" 6.52356230614951 0 0 0 0 0 1 1 1 184.09236811992 97580 100129
"204" 5.82304589548302 0 0 0 0 1 0 0 1 203.066491573573 97731 100248
"205" 6.02102334934953 0 0 0 0 1 0 0 1 203.066491573573 97731 100248
"206" 5.8406416573734 0 0 0 1 0 0 1 0 288.778461800737 97809 100405
"207" 5.8406416573734 0 0 0 0 1 0 0 0 305.267096163343 97785 100486
"208" 6.45204895443723 0 0 0 0 0 1 1 1 555.558277771108 97755 100819
"209" 6.36990098282823 0 0 0 0 0 1 1 1 453.61768043144 97772 100696
"210" 6.25190388316589 0 0 0 0 1 0 1 1 453.61768043144 97772 100696
"211" 6.45204895443723 0 0 0 0 0 1 1 1 453.625396114459 98052 100892
"212" 6.20050917404269 0 0 0 0 0 1 1 1 982.269311339818 98657 100069
"213" 6.25190388316589 0 0 0 0 0 1 1 1 982.269311339818 98657 100069
"214" 6.36302810354047 0 0 0 0 0 1 1 1 982.269311339818 98657 100069
"215" 6.92951677076365 0 0 0 0 0 1 1 1 854.854958457866 98514 100068
"216" 6.19440539110467 0 0 0 0 0 1 1 1 727.46408846073 98340 100099
"217" 6.77878489768518 0 0 0 0 0 1 1 1 813.019064967114 98347 100238
"218" 6.68835471394676 0 0 0 0 1 0 1 1 1013.83331963395 98733 99964
"219" 6.12029741895095 0 0 0 0 0 1 0 1 1126.72312481816 98838 100006
"220" 6.28785856016178 0 0 0 1 0 0 0 1 550.847528813555 98278 99860
"221" 5.7037824746562 0 0 1 0 0 0 0 0 550.847528813555 98278 99860
"222" 6.04737217904628 0 0 0 1 0 0 0 1 550.847528813555 98278 99860
"223" 5.26269018890489 0 1 0 0 0 0 0 1 550.847528813555 98278 99860
"224" 6.18826412308259 0 0 0 0 0 1 1 1 550.847528813555 98278 99860
"225" 7.04577657687951 0 0 0 0 1 0 1 1 809.830229122129 98569 99779
"226" 6.44571981938558 0 0 0 0 0 1 1 1 809.830229122129 98569 99779
"227" 6.16120732169508 0 0 0 1 0 0 1 1 401.956465304391 97875 100035
"228" 6.24804287450843 0 0 0 0 0 1 1 1 37.2021504754766 97740 99625
"229" 6.1527326947041 0 0 0 1 0 0 1 0 272.809457314075 97502 99698
"230" 6.4150969591716 0 0 0 1 0 0 1 1 213.759210327883 97788 99860
"231" 5.59842195899838 0 0 0 1 0 0 0 0 426.487983418056 97070 100120
"232" 6.00635315960173 0 0 0 1 0 0 0 0 426.487983418056 97070 100120
"233" 5.57594910314632 0 0 0 1 0 0 0 1 426.487983418056 97070 100120
"234" 6.45204895443723 0 0 0 0 0 1 1 1 377.446684976832 97208 100123
"235" 6.30991827822652 0 0 0 0 0 1 1 1 237.861304124904 97350 100161
"236" 6.04737217904628 0 0 0 1 0 0 1 0 546.717477313466 97420 100067
"237" 5.32300997913841 0 0 0 1 0 0 1 0 200.002499984375 97315 99676
"238" 6.3279367837292 0 0 0 0 0 1 0 1 364.560008777705 96735 99746
"239" 6.40191719672719 0 0 0 0 1 0 0 1 364.560008777705 96735 99746
"240" 6.24416690066374 0 0 0 0 1 0 0 1 364.560008777705 96735 99746
"241" 5.83188247728352 0 0 0 1 0 0 0 0 257.200311041803 96787 99890
"242" 6.04500531403601 0 0 0 1 0 0 0 0 257.200311041803 96787 99890
"243" 5.43372200355424 0 0 1 0 0 0 0 0 257.200311041803 96787 99890
"244" 6.05443934626937 0 0 0 0 1 0 0 0 257.200311041803 96787 99890
"245" 5.65248918026865 0 0 0 1 0 0 0 0 257.200311041803 96787 99890
"246" 5.99146454710798 0 0 0 0 1 0 0 1 297.410490736289 97389 99814
"247" 5.8406416573734 0 0 0 0 1 0 0 0 297.410490736289 97389 99814
"248" 5.81413053182507 0 0 0 0 1 0 0 1 164.711869639076 97269 99757
"249" 5.93224518744801 0 0 0 0 1 0 0 1 164.711869639076 97269 99757
"250" 5.61677109766657 0 0 0 1 0 0 0 0 164.711869639076 97269 99757
"251" 5.64544689764324 0 0 0 1 0 0 0 0 164.711869639076 97269 99757
"252" 7.0647590277918 0 0 0 0 1 0 1 1 229.532132826757 97082 99923
"253" 5.59842195899838 0 0 0 1 0 0 0 1 201.400099304841 96917 99665
"254" 4.21950770517611 1 0 0 0 0 0 0 0 201.400099304841 96917 99665
"255" 5.72358510195238 0 0 0 0 0 1 0 1 201.400099304841 96917 99665
"256" 5.37989735354046 0 1 0 0 0 0 0 0 201.400099304841 96917 99665
"257" 5.9427993751267 0 0 0 1 0 0 0 1 201.400099304841 96917 99665
"258" 6.35088571671474 0 0 0 1 0 0 0 1 373.804761874431 97440 99947
"259" 6.289715570909 0 0 0 0 0 1 0 1 345.615393175709 97333 99965
"260" 6.31173480915291 0 0 0 0 1 0 0 1 234.729631704223 96969 99879
"261" 6.01859321449623 0 0 0 0 1 0 0 1 234.729631704223 96969 99879
"262" 5.8636311755981 0 0 0 1 0 0 0 1 234.729631704223 96969 99879
"263" 6.12029741895095 0 0 0 0 1 0 0 1 234.729631704223 96969 99879
"264" 6.36302810354047 0 0 0 0 0 1 1 1 220.658106581199 97089 99477
"265" 4.39444915467244 0 0 0 1 0 0 0 0 236.139789108062 95765 98938
"266" 5.06259503302697 0 0 1 0 0 0 0 0 325.976993053191 95258 98612
"267" 7.08506429395255 0 0 0 1 0 0 0 1 1 94831 98743
"268" 4.88280192258637 0 0 1 0 0 0 0 0 174.024423573244 95678.5 99162.5
"269" 5.29831736654804 0 1 0 0 0 0 0 1 174.024423573244 95678.5 99162.5
"270" 4.86753445045558 0 1 0 0 0 0 0 0 174.024423573244 95678.5 99162.5
"271" 4.44265125649032 0 1 0 0 0 0 0 0 174.024423573244 95678.5 99162.5
"272" 4.75359019110636 1 0 0 0 0 0 0 0 304.581680342072 96164 99965
"273" 4.70953020131233 0 1 0 0 0 0 1 0 304.581680342072 96164 99965
"274" 6.10702288774225 0 0 0 1 0 0 0 0 641.01950048341 96190 99627
"275" 5.90808293816893 0 0 0 1 0 0 0 0 641.01950048341 96190 99627
"276" 5.37527840768417 0 0 1 0 0 0 0 0 606.040427694391 96178 99489
"277" 4.8283137373023 1 0 0 0 0 0 0 0 606.040427694391 96178 99489
"278" 5.19295685089021 0 0 1 0 0 0 0 0 606.040427694391 96178 99489
"279" 5.15329159449778 0 0 1 0 0 0 0 0 606.040427694391 96178 99489
"280" 5.69035945432406 0 0 0 0 1 0 0 0 686.370890991161 96261 99354
"281" 6.10031895202006 0 0 0 0 0 1 1 0 686.370890991161 96261 99354
"282" 4.81218435537242 1 0 0 0 0 0 0 0 499.144267722269 96076 99399
"283" 4.86753445045558 0 0 1 0 0 0 0 0 428.098119594095 95999 99339
"284" 5.8406416573734 0 0 0 1 0 0 0 0 428.098119594095 95999 99339
"285" 4.81218435537242 0 1 0 0 0 0 0 0 428.098119594095 95999 99339
"286" 5.15329159449778 0 0 1 0 0 0 0 0 428.098119594095 95999 99339
"287" 4.80402104473326 0 1 0 0 0 0 0 0 428.098119594095 95999 99339
"288" 5.64897423816121 0 0 0 1 0 0 0 0 428.098119594095 95999 99339
"289" 6.02102334934953 0 0 0 0 1 0 0 0 428.098119594095 95999 99339
"290" 5.66988092298052 0 0 0 1 0 0 0 0 428.098119594095 95999 99339
"291" 6.27287700654617 0 0 0 0 1 0 0 0 428.098119594095 95999 99339
"292" 5.03043792139244 0 0 1 0 0 0 0 0 335.596483890997 95912 99391
"293" 5.32300997913841 0 0 1 0 0 0 0 0 354.92675300687 95904 99549
"294" 5.51745289646471 0 0 0 1 0 0 0 0 354.92675300687 95904 99549
"295" 5.43372200355424 0 0 0 1 0 0 0 0 354.92675300687 95904 99549
"296" 4.0943445622221 1 0 0 0 0 0 0 0 354.92675300687 95904 99549
"297" 5.43372200355424 0 0 0 1 0 0 0 0 354.92675300687 95904 99549
"298" 5.43372200355424 0 0 0 1 0 0 0 0 354.92675300687 95904 99549
"299" 5.43372200355424 0 0 0 1 0 0 0 0 354.92675300687 95904 99549
"300" 5.35185813347607 0 0 0 0 1 0 0 0 325.11690205217 95851 99586
"301" 5.85220247977447 0 0 0 1 0 0 0 0 399.816207775523 95899 99648
"302" 5.11198778835654 0 0 1 0 0 0 0 0 399.816207775523 95899 99648
"303" 4.91998092582813 0 1 0 0 0 0 0 0 475.213636167987 95955 99699
"304" 5.59842195899838 0 0 1 0 0 0 0 0 475.213636167987 95955 99699
"305" 5.01063529409626 0 1 0 0 0 0 0 0 626.718437577833 96165 99642
"306" 4.77912349311153 0 1 0 0 0 0 0 0 626.718437577833 96165 99642
"307" 5.27811465923052 0 1 0 0 0 0 0 0 626.718437577833 96165 99642
"308" 5.91350300563827 0 0 0 1 0 0 0 0 626.718437577833 96165 99642
"309" 5.32787616878958 0 0 0 1 0 0 0 0 528.247101269851 96099 99492
"310" 5.57972982598622 0 0 0 0 1 0 0 0 528.247101269851 96099 99492
"311" 6.11589212548303 0 0 0 0 0 1 1 0 528.247101269851 96099 99492
"312" 5.81413053182507 0 0 0 1 0 0 0 1 530.74381767478 96060 99631
"313" 4.9272536851572 0 1 0 0 0 0 0 0 530.74381767478 96060 99631
"314" 5.00394630594546 0 1 0 0 0 0 0 0 530.74381767478 96060 99631
"315" 4.85203026391962 0 1 0 0 0 0 0 0 530.74381767478 96060 99631
"316" 4.33073334028633 0 0 1 0 0 0 0 0 279.120045858408 96273 1e+05
"317" 5.01727983681492 0 1 0 0 0 0 0 0 279.120045858408 96273 1e+05
"318" 4.99721227376411 1 0 0 0 0 0 0 0 279.120045858408 96273 1e+05
"319" 4.91265488573605 1 0 0 0 0 0 0 0 279.120045858408 96273 1e+05
"320" 6.36302810354047 0 0 0 0 1 0 1 1 315.158690186388 96423 99861
"321" 5.35185813347607 0 0 0 1 0 0 0 0 472.373792668476 96597 99625
"322" 5.49306144334055 0 0 0 1 0 0 0 0 472.373792668476 96597 99625
"323" 5.57594910314632 0 0 0 1 0 0 0 0 472.373792668476 96597 99625
"324" 4.90527477843843 1 0 0 0 0 0 0 0 472.373792668476 96597 99625
"325" 5.71042701737487 0 0 0 1 0 0 0 0 472.373792668476 96597 99625
"326" 6.3750248198281 0 0 0 1 0 0 1 1 472.373792668476 96597 99625
"327" 5.84932477994686 0 0 0 1 0 0 1 0 472.373792668476 96597 99625
"328" 5.63835466933375 0 0 0 1 0 0 0 0 742.69913154655 96382 99397
"329" 5.67332326717149 0 0 0 1 0 0 0 0 742.69913154655 96382 99397
"330" 6.08449941307517 0 0 0 0 1 0 0 0 742.69913154655 96382 99397
"331" 5.74939298590825 0 0 0 0 0 1 0 0 742.69913154655 96382 99397
"332" 4.85203026391962 1 0 0 0 0 0 0 0 742.69913154655 96382 99397
"333" 5.51342874616498 0 0 1 0 0 0 0 0 742.69913154655 96382 99397
"334" 5.57594910314632 0 0 0 0 1 0 0 0 742.69913154655 96382 99397
"335" 5.42934562895444 0 0 0 1 0 0 0 0 742.69913154655 96382 99397
"336" 5.19295685089021 0 1 0 0 0 0 0 0 633.309560957357 96388 99512
"337" 5.87211778947542 0 0 0 1 0 0 1 0 633.309560957357 96388 99512
"338" 5.66988092298052 0 0 0 1 0 0 0 0 668.413793992913 96317 99507
"339" 5.78074351579233 0 0 0 1 0 0 0 0 579.668870994467 96333 99600
"340" 5.82008293035236 0 0 1 0 0 0 0 0 579.668870994467 96333 99600
"341" 5.76205138278018 0 0 0 1 0 0 0 0 579.668870994467 96333 99600
"342" 5.37527840768417 0 0 0 1 0 0 0 0 515.800348972352 96324 99683
"343" 5.26785815906333 0 1 0 0 0 0 0 0 365.27523868995 96432 99791
"344" 6.06378520868761 0 0 0 1 0 0 1 0 365.27523868995 96432 99791
"345" 5.47227067367148 0 0 0 1 0 0 0 0 570.487510818598 96449 99556
"346" 5.12396397940326 0 0 1 0 0 0 0 0 570.487510818598 96449 99556
"347" 4.97673374242057 0 0 1 0 0 0 0 0 325.203013516173 96372 99902
"348" 5.62040086571715 0 0 1 0 0 0 0 0 325.203013516173 96372 99902
"349" 5.97888576490112 0 0 0 0 1 0 0 1 325.203013516173 96372 99902
"350" 5.30330490805908 0 0 0 1 0 0 1 0 325.203013516173 96372 99902
"351" 5.46383180502561 0 0 0 1 0 0 0 0 489.29030237682 96779 100563
"352" 5.21493575760899 0 1 0 0 0 0 0 1 489.29030237682 96779 100563
"353" 5.15329159449778 0 0 0 1 0 0 0 1 489.29030237682 96779 100563
"354" 5.50533153593236 0 0 0 1 0 0 0 0 489.29030237682 96779 100563
"355" 5.38449506278909 0 0 1 0 0 0 0 0 329.514794812008 96867 100328
"356" 5.56452040732269 0 0 0 1 0 0 0 0 329.514794812008 96867 100328
"357" 5.5683445037611 0 0 0 1 0 0 0 1 329.514794812008 96867 100328
"358" 5.40267738187228 0 0 1 0 0 0 0 1 328.762832449168 96915 100265
"359" 6.38856140554563 0 0 0 0 1 0 0 1 324.044749996046 96956 100122
"360" 6.23832462503951 0 0 0 0 1 0 1 1 279.02867236182 96912 100100
"361" 5.66296048013595 0 0 0 1 0 0 0 0 123.583979544276 96645 99973
"362" 4.44265125649032 0 1 0 0 0 0 0 0 123.583979544276 96645 99973
"363" 5.11799381241676 0 0 1 0 0 0 0 0 123.583979544276 96645 99973
"364" 4.96284463025991 0 1 0 0 0 0 0 0 116.931603940081 96545 100019
"365" 5.4380793089232 0 0 1 0 0 0 0 0 164.246765569371 96489 100017
"366" 5.51342874616498 0 0 1 0 0 0 0 1 364.869839805923 96454 100011
"367" 5.46806014113513 0 0 1 0 0 0 0 1 364.869839805923 96454 100011
"368" 5.63121178182137 0 0 0 0 1 0 0 1 364.869839805923 96454 100011
"369" 5.40267738187228 0 0 1 0 0 0 0 0 364.869839805923 96454 100011
"370" 5.40267738187228 1 0 0 0 0 0 0 0 364.869839805923 96454 100011
"371" 4.83628190695148 0 0 1 0 0 0 0 0 364.869839805923 96454 100011
"372" 5.4380793089232 0 0 0 0 1 0 0 0 364.869839805923 96454 100011
"373" 5.56068163101553 0 0 0 1 0 0 0 0 256.284997610083 96402 99985
"374" 5.75574221358691 0 0 0 1 0 0 0 0 256.284997610083 96402 99985
"375" 4.57471097850338 0 1 0 0 0 0 0 0 269.833281861226 96366 100057
"376" 5.0998664278242 0 0 1 0 0 0 0 0 269.833281861226 96366 100057
"377" 4.81218435537242 0 0 1 0 0 0 0 0 269.833281861226 96366 100057
"378" 4.81218435537242 0 0 1 0 0 0 0 0 269.833281861226 96366 100057
"379" 4.81218435537242 0 0 1 0 0 0 0 0 269.833281861226 96366 100057
"380" 4.99043258677874 1 0 0 0 0 0 0 0 231.534014779686 96273 100050
"381" 4.86753445045558 1 0 0 0 0 0 0 0 188.002659555656 96307 100117
"382" 5.96357934361845 0 0 0 0 0 1 0 0 315.792653492763 96559 100403
"383" 4.44265125649032 1 0 0 0 0 0 0 0 276.524863258261 96688 100367
"384" 5.12989871492307 0 1 0 0 0 0 0 0 276.524863258261 96688 100367
"385" 5.85507192220243 0 0 0 1 0 0 0 0 156.118544702415 96706 100234
"386" 5.96357934361845 0 0 0 0 1 0 0 1 156.118544702415 96706 100234
"387" 5.605802066296 0 0 0 0 1 0 0 0 156.118544702415 96706 100234
"388" 5.38449506278909 0 0 0 0 1 0 1 0 156.118544702415 96706 100234
"389" 6.37842618365159 0 0 0 0 1 0 1 0 156.118544702415 96706 100234
"390" 4.55387689160054 0 0 0 1 0 0 0 0 23.7065391822594 96654 100085
"391" 5.12396397940326 0 0 1 0 0 0 0 0 153.792067415716 96579 100240
"392" 6.08904487544685 0 0 0 1 0 0 0 0 153.792067415716 96579 100240
"393" 4.30406509320417 0 0 1 0 0 0 0 0 153.792067415716 96579 100240
"394" 5.71042701737487 0 0 0 0 1 0 0 1 153.792067415716 96579 100240
"395" 5.84932477994686 0 0 0 1 0 0 0 0 153.792067415716 96579 100240
"396" 5.4510384535657 0 0 1 0 0 0 0 0 153.792067415716 96579 100240
"397" 6.10702288774225 0 0 0 0 1 0 0 0 153.792067415716 96579 100240
"398" 4.91998092582813 0 1 0 0 0 0 0 1 153.792067415716 96579 100240
"399" 5.52146091786225 0 0 1 0 0 0 0 0 153.792067415716 96579 100240
"400" 5.75890177387728 0 0 0 1 0 0 0 0 153.792067415716 96579 100240
"401" 5.63121178182137 0 0 0 0 0 1 0 0 448.528705881797 96876 100473
"402" 5.08759633523238 0 0 0 0 1 0 0 1 448.528705881797 96876 100473
"403" 5.17614973257383 0 0 0 0 1 0 0 0 448.528705881797 96876 100473
"404" 5.73009978297357 0 0 0 0 0 1 0 0 448.528705881797 96876 100473
"405" 6.19440539110467 0 0 0 0 1 0 0 0 448.528705881797 96876 100473
"406" 5.58724865840025 0 0 0 1 0 0 0 0 448.528705881797 96876 100473
"407" 5.56068163101553 0 0 0 0 1 0 0 0 448.528705881797 96876 100473
"408" 4.60517018598809 0 0 1 0 0 0 0 0 448.528705881797 96876 100473
"409" 5.40267738187228 0 0 0 0 1 0 0 1 448.528705881797 96876 100473
"410" 4.51085950651685 0 0 1 0 0 0 0 0 448.528705881797 96876 100473
"411" 4.27666611901606 1 0 0 0 0 0 0 0 248.394846967484 96443 100282
"412" 5.54907608489522 0 0 0 1 0 0 0 0 248.394846967484 96443 100282
"413" 4.20469261939097 0 0 1 0 0 0 0 0 248.394846967484 96443 100282
"414" 4.80402104473326 0 0 0 1 0 0 0 0 248.394846967484 96443 100282
"415" 4.48863636973214 0 1 0 0 0 0 0 0 248.394846967484 96443 100282
"416" 4.48863636973214 0 1 0 0 0 0 0 0 248.394846967484 96443 100282
"417" 6.07073772800249 0 0 0 0 1 0 0 1 NA NA NA
"418" 6.26909628370626 0 0 0 0 0 1 0 1 NA NA NA
"419" 5.30330490805908 0 0 0 0 1 0 0 0 333.594064695402 96820 100770
"420" 6.66695679242921 0 0 0 1 0 0 0 1 192.005208262693 96370 100347
"421" 5.89164421182577 0 0 0 0 1 0 0 0 192.005208262693 96370 100347
"422" 5.57215403217776 0 1 0 0 0 0 0 0 192.005208262693 96370 100347
"423" 6.02102334934953 0 0 0 0 1 0 0 0 192.005208262693 96370 100347
"424" 5.64897423816121 0 0 0 0 0 1 0 1 192.005208262693 96370 100347
"425" 6.40191719672719 0 0 0 1 0 0 1 0 192.005208262693 96370 100347
"426" 5.30330490805908 0 0 1 0 0 0 0 0 173.441632833642 96224 100439
"427" 5.75890177387728 0 0 0 1 0 0 1 0 281.442711754986 96106 100535
"428" 5.82008293035236 0 0 0 0 1 0 0 0 426.456328362002 96458 100790
"429" 5.7268477475872 0 0 0 0 1 0 0 1 426.456328362002 96458 100790
"430" 5.99146454710798 0 0 0 0 0 1 0 1 426.456328362002 96458 100790
"431" 5.89440283426485 0 0 0 0 1 0 0 1 426.456328362002 96458 100790
"432" 5.95842469302978 0 0 0 0 1 0 0 1 426.456328362002 96458 100790
"433" 6.24222326545517 0 0 0 0 0 1 0 0 426.456328362002 96458 100790
"434" 5.08759633523238 0 0 1 0 0 0 0 0 426.456328362002 96458 100790
"435" 5.64544689764324 0 0 0 0 1 0 0 1 426.456328362002 96458 100790
"436" 6.32076829425058 0 0 0 0 1 0 0 1 426.456328362002 96458 100790
"437" 6.16961073249146 0 0 0 0 1 0 0 1 352.164734179901 96670 100755
"438" 6.27852142416584 0 0 0 0 1 0 0 1 352.164734179901 96670 100755
"439" 6.55250788703459 0 0 0 0 0 1 0 1 352.164734179901 96670 100755
"440" 5.88332238848828 0 0 0 0 1 0 0 1 352.164734179901 96670 100755
"441" 6.2709884318583 0 0 0 0 1 0 0 0 352.164734179901 96670 100755
"442" 4.77068462446567 0 1 0 0 0 0 0 0 499.376611386637 96603 100621
"443" 5.99146454710798 0 0 0 0 1 0 0 1 128.003906190397 96161 101155
"444" 5.41610040220442 0 0 0 1 0 0 0 0 157.035027939629 96640 100989
"445" 5.69035945432406 0 0 0 1 0 0 0 0 157.035027939629 96640 100989
"446" 5.34233425196481 0 0 0 1 0 0 0 0 241.447716907823 96613 100901
"447" 5.44673737166631 0 0 0 0 1 0 0 0 369.610605908434 96418 100943
"448" 5.40717177146012 0 0 0 0 1 0 0 0 734.765949129381 96360 100984
"449" 5.35658627467201 0 0 0 1 0 0 0 1 734.765949129381 96360 100984
"450" 5.64544689764324 0 0 0 0 1 0 0 0 734.765949129381 96360 100984
"451" 4.95582705760126 0 0 0 0 1 0 0 0 290.45137286644 96465 101068
"452" 5.15329159449778 0 0 0 1 0 0 0 0 290.45137286644 96465 101068
"453" 5.26269018890489 0 0 0 1 0 0 0 0 290.45137286644 96465 101068
"454" 5.30330490805908 0 0 0 1 0 0 0 0 290.45137286644 96465 101068
"455" 5.62762111369064 0 0 0 0 1 0 0 0 290.45137286644 96465 101068
"456" 5.51342874616498 0 0 0 0 1 0 0 0 290.45137286644 96465 101068
"457" 5.59471137960184 0 0 0 0 1 0 0 1 198.398588704658 96276 101133
"458" 5.12989871492307 0 0 0 1 0 0 0 0 198.398588704658 96276 101133
"459" 5.32300997913841 0 0 0 1 0 0 0 0 198.398588704658 96276 101133
"460" 5.48063892334199 0 0 0 0 1 0 0 0 198.398588704658 96276 101133
"461" 5.14166355650266 0 0 1 0 0 0 0 0 198.398588704658 96276 101133
"462" 5.41610040220442 0 0 0 1 0 0 0 0 198.398588704658 96276 101133
"463" 5.4380793089232 0 0 0 0 1 0 0 0 198.398588704658 96276 101133
"464" 5.35185813347607 0 0 0 1 0 0 0 1 198.398588704658 96276 101133
"465" 5.25749537202778 0 0 0 1 0 0 0 0 198.398588704658 96276 101133
"466" 5.7268477475872 0 0 0 0 1 0 0 0 198.398588704658 96276 101133
"467" 5.21493575760899 0 0 0 1 0 0 0 0 145.523194027619 96610 101118
"468" 5.4971682252932 0 0 0 0 1 0 0 0 145.523194027619 96610 101118
"469" 5.67675380226828 0 0 0 0 1 0 0 0 145.523194027619 96610 101118
"470" 5.47227067367148 0 0 0 0 1 0 0 0 145.523194027619 96610 101118
"471" 5.57594910314632 0 0 0 0 1 0 0 0 145.523194027619 96610 101118
"472" 5.40267738187228 0 0 0 0 1 0 0 0 145.523194027619 96610 101118
"473" 5.4510384535657 0 0 1 0 0 0 0 1 145.523194027619 96610 101118
"474" 5.35185813347607 0 0 1 0 0 0 0 1 145.523194027619 96610 101118
"475" 5.35185813347607 0 0 0 1 0 0 0 0 145.523194027619 96610 101118
"476" 5.75890177387728 0 0 0 0 1 0 0 0 145.523194027619 96610 101118
"477" 6.16120732169508 0 0 0 0 1 0 1 1 145.523194027619 96610 101118
"478" 5.18178355029209 1 0 0 0 0 0 0 0 NA NA NA
"479" 4.63472898822964 0 1 0 0 0 0 0 0 NA NA NA
"480" 6.33150184989369 0 0 0 0 1 0 0 1 NA NA NA
"481" 6.29894924685594 0 0 0 0 1 0 0 1 NA NA NA
"482" 6.21060007702465 0 0 0 1 0 0 0 0 NA NA NA
"483" 6.16120732169508 0 0 0 0 1 0 0 1 NA NA NA
"484" 4.99721227376411 1 0 0 0 0 0 0 1 NA NA NA
"485" 5.31320597904179 0 0 0 1 0 0 1 0 NA NA NA
"486" 6.07073772800249 0 0 0 0 1 0 0 0 370.95147930693 95931 100979
"487" 5.69035945432406 0 0 0 0 1 0 0 1 131.186889588861 95541 101065
"488" 5.58724865840025 0 0 0 0 1 0 0 1 131.186889588861 95541 101065
"489" 5.87773578177964 0 0 0 1 0 0 0 1 131.186889588861 95541 101065
"490" 5.88332238848828 0 0 0 0 1 0 0 1 131.186889588861 95541 101065
"491" 5.98393628068719 0 0 0 0 0 1 0 0 131.186889588861 95541 101065
"492" 5.67332326717149 0 0 0 1 0 0 0 0 131.186889588861 95541 101065
"493" 6.01859321449623 0 0 0 0 1 0 0 1 55.3624421426656 95074 100717
"494" 5.87773578177964 0 0 0 0 1 0 0 0 55.3624421426656 95074 100717
"495" 5.67332326717149 0 0 0 0 1 0 1 1 55.3624421426656 95074 100717
"496" 6.289715570909 0 0 0 0 1 0 1 0 55.3624421426656 95074 100717
"497" 5.62762111369064 0 0 0 1 0 0 0 0 NA NA NA
"498" 4.23410650459726 0 0 0 1 0 0 0 0 NA NA NA
"499" 6.05678401322862 0 0 0 0 1 0 0 0 NA NA NA
"500" 5.78074351579233 0 0 0 0 1 0 0 0 NA NA NA
"501" 5.84643877505772 0 0 0 0 1 0 0 0 NA NA NA
"502" 5.96870755998537 0 0 0 0 1 0 0 0 NA NA NA
"503" 5.91620206260744 0 0 0 1 0 0 0 0 NA NA NA
"504" 5.22035582507832 0 0 0 0 1 0 1 0 NA NA NA
"505" 5.66642668811243 0 0 0 0 1 0 0 0 203.179723397784 95131 100465
"506" 6.1527326947041 0 0 0 0 0 1 1 1 NA NA NA
"507" 5.4380793089232 0 0 0 1 0 0 0 0 314.579083856508 95398 100600
"508" 6.73696695800186 0 0 0 0 0 1 1 1 314.579083856508 95398 100600
"509" 6.11589212548303 0 0 0 0 1 0 1 1 275.109069279804 95281 100466
"510" 5.24702407216049 0 0 1 0 0 0 0 0 214.888343099387 95201 100480
"511" 6.15060276844628 0 0 0 0 1 0 0 1 276.08875384557 95417 100796
"512" 5.59842195899838 0 1 0 0 0 0 0 0 276.08875384557 95417 100796
"513" 6.22851100359118 0 0 0 1 0 0 0 0 276.08875384557 95417 100796
"514" 6.04500531403601 0 0 0 0 0 1 0 1 276.08875384557 95417 100796
"515" 5.69035945432406 0 0 0 1 0 0 0 0 276.08875384557 95417 100796
"516" 5.78074351579233 0 0 0 1 0 0 0 1 276.08875384557 95417 100796
"517" 5.59842195899838 0 0 0 0 1 0 0 0 276.08875384557 95417 100796
"518" 5.77144112313002 0 0 1 0 0 0 0 1 276.08875384557 95417 100796
"519" 5.65948221575962 0 0 0 0 1 0 0 1 460.895866763849 95829 100880
"520" 5.37527840768417 0 0 0 1 0 0 0 0 460.895866763849 95829 100880
"521" 5.33753807970132 0 0 0 1 0 0 0 0 532.888356037172 95879 100819
"522" 4.84418708645859 1 0 0 0 0 0 0 1 457.017505135197 95993 100851
"523" 5.69035945432406 0 0 0 1 0 0 0 1 388.72612466877 96217 100900
"524" 5.32300997913841 0 0 1 0 0 0 0 0 375.373147681077 95979 100575
"525" 5.28320372873799 0 0 1 0 0 0 0 0 375.373147681077 95979 100575
"526" 6.19847871649231 0 0 0 0 1 0 1 1 291.815009894968 95955 100434
"527" 5.05624580534831 1 0 0 0 0 0 0 0 336.815973492945 95874 100370
"528" 4.99043258677874 0 0 1 0 0 0 0 0 336.815973492945 95874 100370
"529" 4.66343909411207 1 0 0 0 0 0 0 0 336.815973492945 95874 100370
"530" 5.05624580534831 1 0 0 0 0 0 0 0 336.815973492945 95874 100370
"531" 6.39024066706535 0 0 0 0 0 1 1 1 336.815973492945 95874 100370
"532" 5.19295685089021 0 0 1 0 0 0 0 0 441.311681241274 95755 100234
"533" 5.4971682252932 0 0 1 0 0 0 0 0 441.311681241274 95755 100234
"534" 5.63478960316925 0 0 0 1 0 0 0 0 526.773195977168 95607 100563
"535" 5.73009978297357 0 0 0 0 0 1 0 0 526.773195977168 95607 100563
"536" 5.31811999384422 0 0 0 1 0 0 0 0 526.773195977168 95607 100563
"537" 5.62040086571715 0 0 0 0 1 0 0 0 526.773195977168 95607 100563
"538" 5.61677109766657 0 0 0 0 1 0 0 0 526.773195977168 95607 100563
"539" 5.63835466933375 0 0 0 1 0 0 0 1 545.165112603512 95657 100586
"540" 6.08221891037645 0 0 0 0 1 0 0 0 391.046033095849 95684 100793
"541" 5.85507192220243 0 0 0 0 0 1 0 1 395.202479749305 95727 100836
"542" 5.82894561761021 0 0 0 0 1 0 0 1 395.202479749305 95727 100836
"543" 5.53733426701854 0 0 0 0 1 0 0 0 517.757665322301 95972 100794
"544" 5.12989871492307 0 0 0 0 1 0 0 0 517.757665322301 95972 100794
"545" 5.07517381523383 0 0 0 1 0 0 0 0 427.790836741509 95806 100446
"546" 5.27299955856375 0 0 0 0 1 0 0 0 427.790836741509 95806 100446
"547" 5.49306144334055 0 0 0 0 1 0 0 0 427.790836741509 95806 100446
"548" 4.46590811865458 0 1 0 0 0 0 1 0 427.790836741509 95806 100446
"549" 5.19295685089021 0 0 0 1 0 0 0 0 427.790836741509 95806 100446
"550" 4.46590811865458 0 0 1 0 0 0 1 0 427.790836741509 95806 100446
"551" 6.01859321449623 0 0 0 0 0 1 0 0 476.1701376609 95728 100361
"552" 5.47227067367148 0 0 0 0 0 1 0 0 494.200364224876 95800 100565
"553" 5.37527840768417 0 0 0 0 1 0 0 0 494.200364224876 95800 100565
"554" 5.46383180502561 0 0 0 0 1 0 0 0 494.200364224876 95800 100565
"555" 5.59842195899838 0 0 0 0 1 0 0 0 494.200364224876 95800 100565
"556" 5.49306144334055 0 0 0 1 0 0 0 0 494.200364224876 95800 100565
"557" 5.4380793089232 0 0 0 1 0 0 0 0 494.200364224876 95800 100565
"558" 5.28320372873799 0 0 0 0 1 0 0 0 494.200364224876 95800 100565
"559" 6.08449941307517 0 0 0 0 0 1 0 0 494.200364224876 95800 100565
"560" 5.49306144334055 0 0 0 1 0 0 0 0 494.200364224876 95800 100565
"561" 5.57594910314632 0 0 0 0 1 0 0 0 575.41028840298 95631 100468
"562" 4.86753445045558 0 1 0 0 0 0 0 0 575.41028840298 95631 100468
"563" 5.15905529921453 0 0 0 1 0 0 0 0 575.41028840298 95631 100468
"564" 5.44673737166631 0 0 0 1 0 0 0 1 575.41028840298 95631 100468
"565" 5.18178355029209 0 0 0 1 0 0 0 0 575.41028840298 95631 100468
"566" 5.15329159449778 0 0 0 1 0 0 0 0 575.41028840298 95631 100468
"567" 5.41164605185504 0 0 0 1 0 0 0 1 575.41028840298 95631 100468
"568" 5.67675380226828 0 0 0 1 0 0 0 1 575.41028840298 95631 100468
"569" 5.62401750618734 0 0 0 1 0 0 0 0 575.41028840298 95631 100468
"570" 5.42053499927229 0 0 0 1 0 0 0 1 575.41028840298 95631 100468
"571" 4.99721227376411 0 1 0 0 0 0 0 1 575.41028840298 95631 100468
"572" 5.08759633523238 1 0 0 0 0 0 0 1 520.240329078783 95866 100671
"573" 5.32787616878958 0 0 0 0 1 0 0 0 520.240329078783 95866 100671
"574" 5.32300997913841 0 0 0 1 0 0 0 0 520.240329078783 95866 100671
"575" 5.00394630594546 0 0 1 0 0 0 0 0 520.240329078783 95866 100671
"576" 5.48893772615669 0 0 0 1 0 0 0 0 486.259190144515 95727 100136
"577" 5.24702407216049 0 0 1 0 0 0 0 0 418.119600114608 95785 100186
"578" 4.82028156560504 0 1 0 0 0 0 0 0 418.119600114608 95785 100186
"579" 5.20948615284142 0 0 1 0 0 0 0 0 418.119600114608 95785 100186
"580" 4.75359019110636 0 1 0 0 0 0 0 0 418.119600114608 95785 100186
"581" 5.08759633523238 0 0 1 0 0 0 0 0 418.119600114608 95785 100186
"582" 6.43133108193348 0 0 0 0 1 0 0 1 418.119600114608 95785 100186
"583" 5.25749537202778 0 1 0 0 0 0 0 0 418.119600114608 95785 100186
"584" 5.30826769740121 0 1 0 0 0 0 0 0 418.119600114608 95785 100186
"585" 4.33073334028633 0 1 0 0 0 0 0 0 356.679127508185 95839 100246
"586" 5.49306144334055 0 0 0 1 0 0 0 0 318.265612342898 95877 100281
"587" 5.14749447681345 0 0 1 0 0 0 0 0 318.265612342898 95877 100281
"588" 5.76205138278018 0 0 0 0 1 0 0 1 246.981780704569 96065 100478
"589" 5.27299955856375 0 0 0 1 0 0 0 0 175.328263551545 96119 100426
"590" 5.72031177660741 0 1 0 0 0 0 0 0 33.2415402771893 96199 100301
"591" 5.56068163101553 0 0 1 0 0 0 0 0 67.6756972627545 96217 100204
"592" 5.37527840768417 0 0 0 1 0 0 0 0 67.6756972627545 96217 100204
"593" 5.16478597392351 1 0 0 0 0 0 0 0 150.455973626839 96121 100137
"594" 5.65248918026865 0 0 1 0 0 0 0 0 150.455973626839 96121 100137
"595" 4.55387689160054 0 0 1 0 0 0 0 0 150.455973626839 96121 100137
"596" 5.88332238848828 0 0 0 0 1 0 0 0 150.455973626839 96121 100137
"597" 5.63835466933375 0 0 0 1 0 0 0 0 222.647703783354 96141 100052
"598" 6.22257626807137 0 0 0 0 0 1 0 0 443.482806882071 95949 99899
"599" 5.56068163101553 0 0 1 0 0 0 0 0 443.482806882071 95949 99899
"600" 6.50279004591562 0 0 0 0 1 0 0 0 512.079095453036 95877 99826
"601" 4.75359019110636 1 0 0 0 0 0 0 0 459.234145071988 95857 99775
"602" 5.17614973257383 1 0 0 0 0 0 0 0 459.234145071988 95857 99775
"603" 6.49978704065585 0 0 1 0 0 0 1 1 483.249418002754 95876 99905
"604" 5.27299955856375 0 1 0 0 0 0 0 0 466.512593613506 95792 100033
"605" 5.85220247977447 0 0 0 1 0 0 0 1 559.494414628064 95662 99964
"606" 5.19295685089021 0 0 1 0 0 0 1 0 559.494414628064 95662 99964
"607" 5.43372200355424 0 0 0 1 0 0 0 0 514.606645895678 95727 100054
"608" 5.29831736654804 0 0 1 0 0 0 0 0 542.963166338197 95680 100096
"609" 5.61677109766657 0 0 0 1 0 0 1 0 572.877822925622 95640 100126
"610" 4.47733681447821 0 1 0 0 0 0 0 0 254.892134048895 95942 100237
"611" 5.29831736654804 0 0 1 0 0 0 0 0 254.892134048895 95942 100237
"612" 4.31748811353631 0 1 0 0 0 0 0 0 254.892134048895 95942 100237
"613" 4.88280192258637 1 0 0 0 0 0 0 0 254.892134048895 95942 100237
"614" 5.61677109766657 0 0 1 0 0 0 0 0 254.892134048895 95942 100237
"615" 6.01859321449623 0 0 0 1 0 0 0 1 195.72429588582 96003 100306
"616" 4.99721227376411 0 1 0 0 0 0 0 0 195.72429588582 96003 100306
"617" 4.75359019110636 1 0 0 0 0 0 0 0 195.72429588582 96003 100306
"618" 4.94875989037817 0 1 0 0 0 0 0 0 140.630722105804 96066 100212
"619" 5.15329159449778 0 0 1 0 0 0 0 0 140.630722105804 96066 100212
"620" 5.37527840768417 0 0 0 1 0 0 0 0 140.630722105804 96066 100212
"621" 5.35658627467201 0 1 0 0 0 0 0 0 140.630722105804 96066 100212
"622" 5.34233425196481 0 0 1 0 0 0 0 0 140.630722105804 96066 100212
"623" 5.06890420222023 0 0 1 0 0 0 0 0 140.630722105804 96066 100212
"624" 5.75890177387728 0 0 0 1 0 0 0 0 140.630722105804 96066 100212
"625" 5.57594910314632 0 0 1 0 0 0 0 0 140.630722105804 96066 100212
"626" 4.91998092582813 0 0 0 1 0 0 0 0 225.055548698538 96064 100085
"627" 5.58724865840025 0 0 1 0 0 0 0 0 292.837839085047 96010 100041
"628" 5.8348107370626 0 0 0 1 0 0 0 0 292.837839085047 96010 100041
"629" 5.01063529409626 1 0 0 0 0 0 0 0 292.837839085047 96010 100041
"630" 5.27811465923052 0 1 0 0 0 0 0 0 292.837839085047 96010 100041
"631" 5.64544689764324 0 0 0 1 0 0 0 0 292.837839085047 96010 100041
"632" 5.40267738187228 0 0 1 0 0 0 0 0 292.837839085047 96010 100041
"633" 5.35185813347607 0 0 1 0 0 0 0 0 292.837839085047 96010 100041
"634" 5.6937321388027 0 0 0 0 1 0 0 0 349.807089693734 95969 100001
"635" 5.7268477475872 0 0 0 0 1 0 0 0 349.807089693734 95969 100001
"636" 5.4249500174814 0 1 0 0 0 0 0 0 349.807089693734 95969 100001
"637" 4.39444915467244 0 0 1 0 0 0 0 0 366.019125183371 95884 100075
"638" 6.79234442747081 0 0 0 0 0 1 0 0 366.019125183371 95884 100075
"639" 5.53733426701854 0 0 1 0 0 0 0 0 366.019125183371 95884 100075
"640" 5.28826703069454 0 0 1 0 0 0 0 0 269.466138874627 95931 100322
"641" 5.12989871492307 0 0 0 1 0 0 0 0 269.466138874627 95931 100322
"642" 5.72031177660741 0 0 0 1 0 0 0 0 194.370779696949 95152 99220
"643" 5.71373280550937 0 0 0 1 0 0 0 0 194.370779696949 95152 99220
"644" 5.61677109766657 0 0 0 1 0 0 0 0 194.370779696949 95152 99220
"645" 5.91350300563827 0 0 0 1 0 0 0 0 194.370779696949 95152 99220
"646" 5.66296048013595 0 0 0 1 0 0 0 0 113.159179919262 95234 99300
"647" 5.32787616878958 0 0 1 0 0 0 0 0 142.225173580488 95275 99260
"648" 5.78689738136671 0 0 1 0 0 0 0 0 184.621233881696 95314 99220
"649" 6.3297209055227 0 0 0 1 0 0 0 0 119.920807202086 95396 99126
"650" 6.36990098282823 0 0 0 0 0 1 0 0 119.920807202086 95396 99126
"651" 5.57594910314632 0 0 0 1 0 0 0 0 184.024454896625 95356 99068
"652" 4.61512051684126 1 0 0 0 0 0 0 0 320.062493897676 95232 99093
"653" 5.40267738187228 0 0 0 1 0 0 0 0 132.098448136229 95181 99157
"654" 5.37989735354046 0 0 1 0 0 0 0 0 161.226548682281 95279 99139
"655" 6.16541785423142 0 0 0 1 0 0 0 1 161.226548682281 95279 99139
"656" 5.57594910314632 0 0 0 1 0 0 0 0 199.699774661866 94978 99444
"657" 4.80402104473326 0 1 0 0 0 0 0 0 199.699774661866 94978 99444
"658" 6.08904487544685 0 0 0 1 0 0 0 0 199.699774661866 94978 99444
"659" 6.09582456243222 0 0 0 0 1 0 0 0 243.238566021098 95054 99484
"660" 6.50128967054039 0 0 0 0 1 0 0 0 243.238566021098 95054 99484
"661" 6.7945865808765 0 0 0 0 0 1 0 1 243.238566021098 95054 99484
"662" 5.85793315448346 0 0 0 0 1 0 0 0 176.819116613561 95121 99298
"663" 5.9427993751267 0 0 1 0 0 0 0 0 123.259888041487 95075 99254
"664" 5.55682806169954 0 0 1 0 0 0 0 0 438.353738435068 94937 99401
"665" 5.48893772615669 0 0 1 0 0 0 0 0 95.0841732361385 95188 99398
"666" 6.47543271670409 0 0 0 0 0 1 1 1 267.067407221473 95118 99612
"667" 6.04737217904628 0 0 0 0 1 0 1 0 632.143179983776 95448 100143
"668" 6.49223983502047 0 0 0 0 0 1 1 1 397.362554853876 95294 100323
"669" 6.64118216974059 0 0 0 0 0 1 1 1 397.362554853876 95294 100323
"670" 5.65248918026865 0 0 0 1 0 0 0 0 448.401605706313 95380 100322
"671" 5.06890420222023 0 0 1 0 0 0 0 0 420.192812884752 95459 100463
"672" 6.16541785423142 0 0 0 0 1 0 1 0 420.192812884752 95459 100463
"673" 6.01859321449623 0 0 0 0 1 0 1 0 567.987675922638 95553 100335
"674" 6.29710931993394 0 0 0 1 0 0 1 1 567.987675922638 95553 100335
"675" 5.74939298590825 0 0 0 1 0 0 0 1 579.80858910506 95618 100211
"676" 6.2709884318583 0 0 0 0 1 0 0 0 637.962381336078 95527 100047
"677" 6.17378610390194 0 0 0 0 1 0 0 0 637.962381336078 95527 100047
"678" 4.91998092582813 1 0 0 0 0 0 0 0 637.962381336078 95527 100047
"679" 4.84418708645859 1 0 0 0 0 0 0 0 637.962381336078 95527 100047
"680" 5.56452040732269 0 0 1 0 0 0 0 1 637.962381336078 95527 100047
"681" 5.56452040732269 0 0 0 1 0 0 0 0 637.962381336078 95527 100047
"682" 5.56452040732269 0 0 0 1 0 0 0 0 637.962381336078 95527 100047
"683" 5.85220247977447 0 0 0 1 0 0 1 0 459.155746996594 95280 100246
"684" 6.44888939414686 0 0 0 0 1 0 1 0 602.496473018722 95511 100233
"685" 5.62401750618734 0 0 1 0 0 0 0 0 531.511994220262 95516 99939
"686" 5.35185813347607 0 0 1 0 0 0 0 0 531.511994220262 95516 99939
"687" 5.22035582507832 0 0 1 0 0 0 0 0 659.946967566334 94970 99983
"688" 5.3890717298165 0 0 1 0 0 0 0 0 659.946967566334 94970 99983
"689" 5.37063802812766 0 0 1 0 0 0 0 0 655.488367555062 94998 100015
"690" 5.48479693349065 0 0 0 1 0 0 0 1 NA NA NA
"691" 5.35185813347607 0 0 0 1 0 0 0 0 NA NA NA
"692" 5.53733426701854 0 0 0 0 0 1 0 0 NA NA NA
"693" 5.42934562895444 0 0 0 1 0 0 0 0 NA NA NA
"694" 5.37527840768417 0 0 0 1 0 0 0 0 NA NA NA
"695" 5.47227067367148 0 0 0 1 0 0 0 0 NA NA NA
"696" 5.16478597392351 0 0 1 0 0 0 0 1 NA NA NA
"697" 6.59987049921284 0 0 0 0 0 1 1 1 NA NA NA
"698" 5.61677109766657 0 0 1 0 0 0 0 1 362.5520652265 93714 99574
"699" 5.64544689764324 0 0 0 1 0 0 0 1 601.043259674376 93431 99484
"700" 4.9416424226093 0 1 0 0 0 0 0 1 211.81123671798 94232 99426
"701" 5.40267738187228 0 0 0 1 0 0 0 0 236.856496638788 94249 99312
"702" 5.63835466933375 0 0 0 0 1 0 0 1 236.856496638788 94249 99312
"703" 4.66343909411207 0 1 0 0 0 0 0 0 230.462578307195 94243 99177
"704" 5.67332326717149 0 0 1 0 0 0 0 0 230.462578307195 94243 99177
"705" 5.91350300563827 0 0 0 1 0 0 0 1 230.462578307195 94243 99177
"706" 4.62497281328427 0 1 0 0 0 0 0 0 254.691970819655 94278 99031
"707" 4.63472898822964 0 1 0 0 0 0 0 0 254.691970819655 94278 99031
"708" 4.66343909411207 0 1 0 0 0 0 0 0 254.691970819655 94278 99031
"709" 5.7037824746562 0 0 0 1 0 0 0 1 254.691970819655 94278 99031
"710" 4.76217393479776 0 0 1 0 0 0 0 0 162.996932486474 94186 99368
"711" 5.94803498918065 0 0 0 0 1 0 1 1 162.996932486474 94186 99368
"712" 5.50938833662798 0 0 0 1 0 0 0 0 80.8084154033477 94103 99369
"713" 5.59098698051086 0 0 0 1 0 0 0 0 80.8084154033477 94103 99369
"714" 5.94542060860658 0 0 0 0 1 0 0 1 80.8084154033477 94103 99369
"715" 5.4553211153577 0 0 1 0 0 0 0 1 80.8084154033477 94103 99369
"716" 5.97380961186926 0 0 0 0 1 0 0 1 93.6055553906925 93935 99357
"717" 6.08904487544685 0 0 0 0 1 0 1 0 172.838074509062 93852 99369
"718" 5.42053499927229 0 0 0 0 1 0 0 0 306.178052773219 93721 99430
"719" 5.82008293035236 0 0 0 0 0 1 0 0 306.178052773219 93721 99430
"720" 5.57594910314632 0 0 0 0 1 0 0 1 306.178052773219 93721 99430
"721" 5.59098698051086 0 0 0 1 0 0 0 0 256.124969497314 93864 99586
"722" 5.42934562895444 0 0 0 1 0 0 0 0 170.320286519252 93927 99526
"723" 5.56452040732269 0 0 0 0 1 0 0 0 170.320286519252 93927 99526
"724" 5.37063802812766 0 0 0 1 0 0 0 0 170.320286519252 93927 99526
"725" 5.32787616878958 0 0 0 1 0 0 0 0 170.320286519252 93927 99526
"726" 4.46590811865458 0 1 0 0 0 0 0 0 253.071136244337 94277 99392
"727" 5.54126354515843 0 0 0 1 0 0 0 1 260.048072478917 93819 99546
"728" 5.24702407216049 0 0 1 0 0 0 0 1 223.606797749979 93830 99189
"729" 6.08221891037645 0 0 0 0 1 0 1 1 212.924869378849 93826 99150
"730" 6.0591231955818 0 0 0 0 1 0 0 1 109.077953776187 93937 99146
"731" 4.46590811865458 0 1 0 0 0 0 0 0 92.2821759604746 93950 99043
"732" 5.22035582507832 0 0 0 1 0 0 0 0 153.847326918605 93893 99019
"733" 5.25749537202778 0 0 1 0 0 0 0 0 234.968082938939 93799 99046
"734" 4.97673374242057 0 0 1 0 0 0 0 0 234.968082938939 93799 99046
"735" 5.99893656194668 0 0 0 0 1 0 0 1 NA NA NA
"736" 5.50125821054473 0 0 0 0 1 0 0 0 NA NA NA
"737" 5.17048399503815 0 0 1 0 0 0 0 0 707.033945436851 93258 98851
"738" 5.27299955856375 0 0 1 0 0 0 0 0 707.033945436851 93258 98851
"739" 6.10255859461357 0 0 0 0 1 0 0 0 707.033945436851 93258 98851
"740" 5.40267738187228 0 0 1 0 0 0 0 0 707.033945436851 93258 98851
"741" 5.06890420222023 0 1 0 0 0 0 0 0 703.927553090515 93275 98897
"742" 6.91174730025167 0 0 0 0 0 1 1 1 714.3164564813 93284 98950
"743" 4.64439089914137 1 0 0 0 0 0 0 0 757.643715739793 93260 99002
"744" 6.34738920965601 0 0 0 0 1 0 1 1 757.643715739793 93260 99002
"745" 5.61677109766657 0 0 0 0 1 0 1 0 564.397909280323 93474 98992
"746" 6.10031895202006 0 0 0 0 0 1 1 1 374.770596498711 93662 99289
"747" 5.75890177387728 0 0 0 1 0 0 0 1 625.259146274567 93186 98710
"748" 5.50125821054473 0 0 1 0 0 0 0 1 625.259146274567 93186 98710
"749" 5.52146091786225 0 0 0 0 1 0 0 0 625.259146274567 93186 98710
"750" 4.45434729625351 1 0 0 0 0 0 0 0 625.259146274567 93186 98710
"751" 5.4249500174814 0 0 0 0 1 0 0 0 552.359484393995 93392 98723
"752" 4.36944785246702 0 1 0 0 0 0 0 0 552.359484393995 93392 98723
"753" 5.78074351579233 0 0 0 0 0 1 0 0 404.754246426149 93541 98727
"754" 5.69035945432406 0 0 0 0 1 0 0 1 404.754246426149 93541 98727
"755" 5.15329159449778 0 0 0 1 0 0 0 0 404.754246426149 93541 98727
"756" 5.08759633523238 0 0 0 1 0 0 0 0 404.754246426149 93541 98727
"757" 5.47227067367148 0 0 0 1 0 0 1 0 404.754246426149 93541 98727
"758" 5.06259503302697 0 1 0 0 0 0 0 0 NA NA NA
"759" 5.24702407216049 0 0 1 0 0 0 0 0 NA NA NA
"760" 5.08759633523238 0 0 1 0 0 0 0 0 206.400096899202 93777 98796
"761" 5.59098698051086 0 0 0 0 1 0 0 1 206.400096899202 93777 98796
"762" 5.30330490805908 0 0 1 0 0 0 0 1 206.400096899202 93777 98796
"763" 5.63478960316925 0 0 0 1 0 0 0 0 NA NA NA
"764" 5.4380793089232 0 0 0 1 0 0 0 0 NA NA NA
"765" 5.71373280550937 0 0 1 0 0 0 0 0 NA NA NA
"766" 4.70953020131233 0 1 0 0 0 0 0 0 NA NA NA
"767" 4.85981240436167 1 0 0 0 0 0 0 0 224.984443906684 93739 98575
"768" 4.94875989037817 0 1 0 0 0 0 0 0 224.984443906684 93739 98575
"769" 6.02102334934953 0 0 0 0 1 0 0 1 411.491190671198 93371 98513
"770" 6.57088296233958 0 0 0 0 1 0 1 1 422.015402562513 93265 98519
"771" 5.97635090929793 0 0 0 0 1 0 0 1 445.179738981908 93149 98507
"772" 6.08904487544685 0 0 0 0 1 0 0 1 508.088574955194 93161 98580
"773" 4.66343909411207 0 0 0 1 0 0 0 1 508.088574955194 93161 98580
"774" 5.92425579741453 0 0 0 1 0 0 0 1 508.088574955194 93161 98580
"775" 5.77455154554441 0 0 0 1 0 0 0 1 292.480768598552 93285 98391
"776" 5.37527840768417 0 0 1 0 0 0 0 1 292.480768598552 93285 98391
"777" 6.10255859461357 0 0 0 1 0 0 0 1 292.09929818471 93557 98294
"778" 5.96357934361845 0 0 0 0 1 0 0 1 292.09929818471 93557 98294
"779" 6.52209279817015 0 0 0 0 1 0 0 0 292.09929818471 93557 98294
"780" 6.52209279817015 0 0 0 0 1 0 0 1 292.09929818471 93557 98294
"781" 6.93244789157251 0 0 0 0 1 0 1 1 292.09929818471 93557 98294
"782" 6.16541785423142 0 0 0 0 0 1 1 0 211.589224678385 93149 98202
"783" 6.76272950693188 0 0 0 0 0 1 1 1 327.82464824964 93051 98265
"784" 4.84418708645859 0 1 0 0 0 0 0 0 299.446155426982 93418 98391
"785" 6.08904487544685 0 0 0 1 0 0 1 0 299.446155426982 93418 98391
"786" 5.88332238848828 0 0 0 0 1 0 1 0 731.836730425578 92663 98469
"787" 5.84643877505772 0 0 0 0 0 1 1 1 NA NA NA
"788" 6.16120732169508 0 0 0 0 0 1 1 1 501.439926611354 92529 97974
"789" 5.16478597392351 0 0 0 1 0 0 0 0 552.471718733186 92321 98719
"790" 5.57594910314632 0 0 1 0 0 0 0 0 552.471718733186 92321 98719
"791" 3.97029191355212 0 0 1 0 0 0 0 0 552.471718733186 92321 98719
"792" 6.52795791762255 0 0 0 0 0 1 1 1 552.471718733186 92321 98719
"793" 4.75359019110636 0 0 0 1 0 0 0 1 659.751468357593 92452 98785
"794" 4.23410650459726 0 1 0 0 0 0 0 0 659.751468357593 92452 98785
"795" 6.58479139238572 0 0 0 0 1 0 0 1 891.910869986458 92677 98727
"796" 6.16541785423142 0 0 0 1 0 0 1 1 891.910869986458 92677 98727
"797" 5.4249500174814 0 0 0 1 0 0 0 1 811.194181438698 92916 98797
"798" 5.73979291217923 0 0 0 1 0 0 0 1 723.000691562601 93057 98770
"799" 6.67834211465433 0 0 0 0 1 0 1 1 NA NA NA
"800" 4.70953020131233 0 0 1 0 0 0 0 0 764.633899326992 92883 98719
"801" 5.74939298590825 0 0 1 0 0 0 0 1 796.5086314661 92639 98610
"802" 5.93489419561959 0 0 0 0 0 1 0 1 796.5086314661 92639 98610
"803" 6.19440539110467 0 0 0 0 0 1 0 1 796.5086314661 92639 98610
"804" 6.13988455222626 0 0 0 0 0 1 0 1 796.5086314661 92639 98610
"805" 6.35262939631957 0 0 0 1 0 0 0 0 796.5086314661 92639 98610
"806" 5.9427993751267 0 0 0 0 0 1 0 0 796.5086314661 92639 98610
"807" 5.55682806169954 0 0 0 1 0 0 0 0 796.5086314661 92639 98610
"808" 6.07073772800249 0 0 0 0 0 1 0 1 796.5086314661 92639 98610
"809" 6.19031540585315 0 0 0 0 1 0 0 1 578.031141029616 92506 98427
"810" 6.45833828334479 0 0 0 0 0 1 1 1 578.031141029616 92506 98427
"811" 6.16541785423142 0 0 0 1 0 0 0 1 1023.54921718499 92999 99070
"812" 5.85507192220243 0 0 0 1 0 0 0 1 924.948647223185 93083 99015
"813" 4.33073334028633 0 1 0 0 0 0 0 0 934.104919160583 92740 98933
"814" 4.33073334028633 0 1 0 0 0 0 0 0 934.104919160583 92740 98933
"815" 5.35185813347607 0 0 1 0 0 0 0 0 873.71219517642 93029 98921
"816" 5.35185813347607 0 0 1 0 0 0 0 0 873.71219517642 93029 98921
"817" 4.02535169073515 0 0 1 0 0 0 0 0 873.71219517642 93029 98921
"818" 6.54678541076052 0 0 0 1 0 0 1 1 931.6490755644 92725 99072
"819" 5.78074351579233 0 0 0 0 1 0 0 0 839.390254887439 92630 99079
"820" 6.04737217904628 0 0 0 0 1 0 0 0 839.390254887439 92630 99079
"821" 5.93753620508243 0 0 0 1 0 0 0 0 839.390254887439 92630 99079
"822" 6.18620862390049 0 0 0 1 0 0 0 1 814.007370973998 93232 99574
"823" 5.91350300563827 0 0 0 1 0 0 0 1 814.007370973998 93232 99574
"824" 6.22851100359118 0 0 0 0 0 1 1 1 1203.47579950741 92801 99596
"825" 6.11809719804135 0 0 0 0 1 0 1 1 1187.37525660593 92768 99615
"826" 5.7268477475872 0 0 1 0 0 0 0 1 1169.80553939533 92784 99801
"827" 6.24997524225948 0 0 0 0 0 1 0 1 1169.80553939533 92784 99801
"828" 6.58479139238572 0 0 0 0 0 1 1 1 1079.18348764239 92990 99695
"829" 6.61204103483309 0 0 0 0 0 1 1 1 1079.18348764239 92990 99695
"830" 6.59714570188665 0 0 0 0 0 1 1 1 1079.18348764239 92990 99695
"831" 6.0591231955818 0 0 0 0 0 1 0 0 966.917783474893 92703 99280
"832" 5.96870755998537 0 0 0 0 1 0 0 0 966.917783474893 92703 99280
"833" 5.91350300563827 0 0 0 0 1 0 1 1 232.034480196371 91802 99151
"834" 4.55387689160054 1 0 0 0 0 0 0 0 408.354013081787 92013 99271
"835" 6.06842558824411 0 0 0 0 1 0 0 0 408.354013081787 92013 99271
"836" 5.96614673912369 0 0 0 0 1 0 0 0 408.354013081787 92013 99271
"837" 6.18414889093748 0 0 0 0 1 0 0 0 408.354013081787 92013 99271
"838" 5.99146454710798 0 0 0 0 1 0 0 0 408.354013081787 92013 99271
"839" 5.99146454710798 0 0 0 0 0 1 0 0 408.354013081787 92013 99271
"840" 5.93224518744801 0 0 0 0 1 0 0 0 408.354013081787 92013 99271
"841" 6.01126717440416 0 0 0 0 0 1 0 0 408.354013081787 92013 99271
"842" 5.59842195899838 0 0 0 1 0 0 0 0 408.354013081787 92013 99271
"843" 6.11146733950268 0 0 0 0 1 0 0 0 408.354013081787 92013 99271
"844" 4.91998092582813 0 1 0 0 0 0 0 0 185.421142268081 91915 98769
"845" 4.00733318523247 0 1 0 0 0 0 0 0 313.019168742108 91641 98653
"846" 5.71702770140622 0 0 0 0 1 0 0 0 313.019168742108 91641 98653
"847" 6.00635315960173 0 0 0 0 1 0 0 1 110.208892563168 91895 98854
"848" 6.18414889093748 0 0 0 0 1 0 0 1 542.263773453474 92315 99106
"849" 5.99645208861902 0 0 0 0 0 1 0 1 542.263773453474 92315 99106
"850" 5.67332326717149 0 0 0 1 0 0 0 0 583.540915446381 92372 99061
"851" 5.74939298590825 0 0 0 0 1 0 0 1 583.540915446381 92372 99061
"852" 5.66988092298052 0 0 0 1 0 0 0 1 583.540915446381 92372 99061
"853" 5.78689738136671 0 0 0 0 1 0 0 1 583.540915446381 92372 99061
"854" 5.85507192220243 0 0 0 0 1 0 0 1 583.540915446381 92372 99061
"855" 5.70711026474888 0 0 0 0 1 0 0 0 480.403996652817 92284 98871
"856" 5.63835466933375 0 0 0 1 0 0 0 0 480.403996652817 92284 98871
"857" 4.81218435537242 0 1 0 0 0 0 0 0 480.403996652817 92284 98871
"858" 5.72358510195238 0 0 0 1 0 0 0 0 363.815887503556 92165 98860
"859" 5.84932477994686 0 0 0 0 0 1 0 0 411.144743369048 92194 99055
"860" 5.83773044716594 0 0 0 0 1 0 0 0 411.144743369048 92194 99055
"861" 5.74939298590825 0 0 0 0 0 1 0 0 411.144743369048 92194 99055
"862" 5.88332238848828 0 0 0 0 1 0 0 1 411.144743369048 92194 99055
"863" 5.75257263882563 0 0 0 0 1 0 0 0 411.144743369048 92194 99055
"864" 5.98393628068719 0 0 0 0 1 0 0 1 411.144743369048 92194 99055
"865" 6.21460809842219 0 0 0 0 1 0 1 1 411.144743369048 92194 99055
"866" 6.18826412308259 0 0 0 0 1 0 1 1 617.635815023708 91191 98862
"867" 6.56807791141198 0 0 0 0 0 1 1 1 484.418207750287 90963 98806
"868" 5.82894561761021 0 0 0 1 0 0 0 1 532.55703919862 91422 98550
"869" 6.73696695800186 0 0 0 0 0 1 1 1 532.55703919862 91422 98550
"870" 6.04737217904628 0 0 0 0 1 0 0 0 605.38913105539 91476 98305
"871" 5.87773578177964 0 0 0 1 0 0 0 0 605.38913105539 91476 98305
"872" 6.27287700654617 0 0 0 0 0 1 1 1 605.38913105539 91476 98305
"873" 6.40687998606931 0 0 0 0 0 1 1 1 872.763427281414 91186 98265
"874" 6.60665018619822 0 0 0 0 1 0 1 1 939.11980066443 90953 98239
"875" 5.51745289646471 0 0 0 0 0 1 1 0 357.414325398409 91687 98141
"876" 6.38687931936265 0 0 0 0 1 0 1 1 926.845186641221 91131 97904
"877" 6.3919171133926 0 0 0 0 0 1 1 1 350.73779380044 92156 98416
"878" 5.98896141688986 0 0 0 1 0 0 0 1 402.990074319455 91757 98519
"879" 5.46806014113513 0 0 0 1 0 0 0 1 294.681183654471 91969 97799
"880" 5.46806014113513 0 0 0 1 0 0 0 1 294.681183654471 91969 97799
"881" 6.15060276844628 0 0 0 0 0 1 1 1 142.056326856638 91924 98003
"882" 6.44413125670044 0 0 0 0 0 1 1 1 97.3293378175358 92048 97988
"883" 6.50279004591562 0 0 0 0 1 0 1 1 568.501539135999 91091 99345
"884" 6.03548143252476 0 0 0 0 0 1 1 1 412.368767003516 91678 99311
"885" 6.16541785423142 0 0 0 0 0 1 1 1 512.041013982279 91451 99288
"886" 5.57594910314632 0 0 0 0 1 0 1 1 988.660710254028 90493 100085
"887" 5.06259503302697 0 0 1 0 0 0 0 0 1510.21389213581 91091 100901
"888" 5.21493575760899 0 0 0 1 0 0 0 0 1510.21389213581 91091 100901
"889" 5.76205138278018 0 0 1 0 0 0 1 1 1510.21389213581 91091 100901
"890" 4.57471097850338 0 0 1 0 0 0 0 0 1190.48939516486 91258 101187
"891" 4.57471097850338 0 0 1 0 0 0 0 0 1190.48939516486 91258 101187
"892" 5.15905529921453 0 0 1 0 0 0 0 0 1190.48939516486 91258 101187
"893" 6.41017488196617 0 0 0 0 0 1 1 1 1190.48939516486 91258 101187
"894" 5.39816270151775 0 0 0 0 0 1 0 1 1190.48939516486 91258 101187
"895" 5.91079664404053 0 0 0 1 0 0 0 1 1431.53064934007 91855 100847
"896" 6.50727771238501 0 0 0 0 0 1 1 1 705.05744446818 91797 99624
"897" 6.37161184723186 0 0 0 0 0 1 1 1 NA NA NA
"898" 6.289715570909 0 0 0 0 0 1 1 1 NA NA NA
"899" 6.2709884318583 0 0 0 0 1 0 1 1 1473.43306600605 92089 100365
"900" 6.25958146406492 0 0 0 0 0 1 1 1 1473.43306600605 92089 100365
"901" 6.11368217983223 0 0 0 0 1 0 0 1 1143.11329272299 92537 100451
"902" 6.30991827822652 0 0 0 0 0 1 1 1 1143.11329272299 92537 100451
"903" 6.36475075685191 0 0 0 0 1 0 1 1 1143.11329272299 92537 100451
"904" 6.33859407820318 0 0 0 0 0 1 1 1 1143.11329272299 92537 100451
"905" 6.27287700654617 0 0 0 0 1 0 1 1 1157.12445311643 92574 100203
"906" 5.87493073085203 0 0 0 0 1 0 0 1 1184.68096971294 92712 99869
"907" 5.65248918026865 0 0 0 0 1 0 0 1 1184.68096971294 92712 99869
"908" 5.96870755998537 0 0 0 0 1 0 0 1 1184.68096971294 92712 99869
"909" 6.43615036836943 0 0 0 0 0 1 1 1 1216.09580214718 92339 100586
"910" 6.31535800152234 0 0 0 0 0 1 0 0 763.744721749355 92710 100874
"911" 6.18620862390049 0 0 0 0 0 1 0 1 763.744721749355 92710 100874
"912" 5.85793315448346 0 0 0 1 0 0 0 1 763.744721749355 92710 100874
"913" 6.22851100359118 0 0 0 0 0 1 1 1 763.744721749355 92710 100874
"914" 6.35437004079735 0 0 0 0 0 1 0 1 957.104487503846 92935 99952
"915" 6.1527326947041 0 0 0 0 0 1 1 1 569.991228002677 93302 100128
"916" 6.26909628370626 0 0 0 0 1 0 1 1 569.991228002677 93302 100128
"917" 6.289715570909 0 0 0 0 1 0 1 1 569.991228002677 93302 100128
"918" 6.29341927884648 0 0 0 0 0 1 1 1 823.233259775138 93187 99896
"919" 5.01727983681492 0 0 1 0 0 0 0 0 259.478322794025 93627 100814
"920" 5.78074351579233 0 0 0 0 1 0 0 0 259.478322794025 93627 100814
"921" 5.62040086571715 0 0 0 1 0 0 0 1 259.478322794025 93627 100814
"922" 4.99721227376411 0 1 0 0 0 0 0 0 259.478322794025 93627 100814
"923" 5.42053499927229 0 0 0 0 1 0 0 0 259.478322794025 93627 100814
"924" 5.74939298590825 0 0 0 1 0 0 0 0 259.478322794025 93627 100814
"925" 5.27811465923052 0 0 1 0 0 0 0 0 197.306867594618 93716 100752
"926" 5.27811465923052 0 0 0 1 0 0 0 0 197.306867594618 93716 100752
"927" 5.45958551414416 0 0 1 0 0 0 0 0 197.306867594618 93716 100752
"928" 4.75359019110636 0 1 0 0 0 0 0 0 197.306867594618 93716 100752
"929" 5.00394630594546 0 1 0 0 0 0 0 0 197.306867594618 93716 100752
"930" 5.93489419561959 0 0 0 0 1 0 0 0 235.46761985462 93457 100648
"931" 5.7037824746562 0 0 0 0 1 0 0 0 193.49935400409 93524 100680
"932" 6.04737217904628 0 0 0 0 1 0 0 0 380.148655133752 93327 100712
"933" 5.63478960316925 0 0 0 1 0 0 0 0 189.509894200804 93540 100426
"934" 5.70044357339069 0 0 0 1 0 0 0 0 262.375684849035 93412 101481
"935" 5.48063892334199 0 0 0 1 0 0 0 0 262.375684849035 93412 101481
"936" 5.37063802812766 0 0 0 0 1 0 0 0 262.375684849035 93412 101481
"937" 5.64897423816121 0 0 0 1 0 0 0 0 455.806976690792 93427 101183
"938" 5.59842195899838 0 0 0 0 1 0 0 0 455.806976690792 93427 101183
"939" 5.82304589548302 0 0 0 0 1 0 0 0 455.806976690792 93427 101183
"940" 5.65248918026865 0 0 0 1 0 0 0 0 455.806976690792 93427 101183
"941" 5.6937321388027 0 0 0 1 0 0 0 0 455.806976690792 93427 101183
"942" 5.67332326717149 0 0 0 1 0 0 0 0 455.806976690792 93427 101183
"943" 5.6021188208797 0 0 0 1 0 0 0 0 455.806976690792 93427 101183
"944" 5.42934562895444 0 0 0 0 1 0 0 0 455.806976690792 93427 101183
"945" 5.71373280550937 0 0 0 0 0 1 0 0 455.806976690792 93427 101183
"946" 5.75574221358691 0 0 0 0 0 1 0 0 455.806976690792 93427 101183
"947" 5.78689738136671 0 0 0 0 1 0 0 0 455.806976690792 93427 101183
"948" 5.75890177387728 0 0 0 1 0 0 0 0 455.806976690792 93427 101183
"949" 5.75890177387728 0 0 0 0 1 0 0 0 517.0415844011 93265 101023
"950" 6.10031895202006 0 0 0 0 1 0 1 1 533.913850728748 93333 100969
"951" 5.78074351579233 0 0 0 0 1 0 0 1 94.031909477581 93068 101440
"952" 6.11809719804135 0 0 0 0 0 1 0 1 94.031909477581 93068 101440
"953" 6.07073772800249 0 0 0 0 1 0 0 1 94.031909477581 93068 101440
"954" 6.09582456243222 0 0 0 0 0 1 0 1 94.031909477581 93068 101440
"955" 5.51342874616498 0 0 0 1 0 0 0 1 94.031909477581 93068 101440
"956" 6.08904487544685 0 0 0 0 1 0 0 0 94.031909477581 93068 101440
"957" 5.97126183979046 0 0 0 0 1 0 0 1 94.031909477581 93068 101440
"958" 5.78074351579233 0 0 0 1 0 0 0 1 NA NA NA
"959" 5.96357934361845 0 0 0 1 0 0 0 1 NA NA NA
"960" 5.64897423816121 0 0 0 1 0 0 0 1 NA NA NA
"961" 5.86929691313377 0 0 0 0 1 0 0 1 NA NA NA
"962" 5.29831736654804 0 0 0 1 0 0 0 0 NA NA NA
"963" 6.18001665365257 0 0 0 0 1 0 0 1 NA NA NA
"964" 5.88332238848828 0 0 0 0 1 0 0 1 NA NA NA
"965" 5.86078622346587 0 0 0 1 0 0 0 1 NA NA NA
"966" 5.88332238848828 0 0 0 0 1 0 0 1 NA NA NA
"967" 5.96357934361845 0 0 0 1 0 0 0 1 NA NA NA
"968" 5.78382518232974 0 0 0 0 1 0 0 1 NA NA NA
"969" 5.92157841964382 0 0 0 0 0 1 0 1 NA NA NA
"970" 5.79301360838414 0 0 0 1 0 0 0 1 NA NA NA
"971" 5.71373280550937 0 0 0 1 0 0 0 1 NA NA NA
"972" 5.65248918026865 0 0 0 1 0 0 0 1 NA NA NA
"973" 5.93224518744801 0 0 0 0 1 0 0 1 NA NA NA
"974" 5.7268477475872 0 0 0 1 0 0 0 1 NA NA NA
"975" 5.75890177387728 0 0 0 0 1 0 0 1 NA NA NA
"976" 5.03043792139244 0 0 1 0 0 0 0 0 NA NA NA
"977" 5.85507192220243 0 0 0 0 1 0 0 1 NA NA NA
"978" 5.79909265446053 0 0 0 1 0 0 0 1 NA NA NA
"979" 6.38856140554563 0 0 0 0 1 0 1 1 302.630137296337 93749 101934
"980" 6.10702288774225 0 0 0 0 1 0 1 1 1074.03770883522 94692 102776
"981" 6.41836493593621 0 0 0 0 1 0 1 0 1074.03770883522 94692 102776
"982" 6.51619307604296 0 0 0 0 0 1 1 1 1218.42931678452 94260 102694
"983" 5.56452040732269 0 0 0 1 0 0 1 1 1218.42931678452 94260 102694
"984" 6.02102334934953 0 0 0 1 0 0 1 0 802.41946636407 95527 103533
"985" 6.09356977004514 0 0 0 0 0 1 1 0 802.41946636407 95527 103533
"986" 6.43615036836943 0 0 0 0 0 1 1 1 802.41946636407 95527 103533
"987" 6.34212141872115 0 0 0 1 0 0 1 1 802.41946636407 95527 103533
"988" 6.282266746896 0 0 0 0 0 1 1 1 344.326879578113 95751 103111
"989" 6.34738920965601 0 0 0 0 0 1 1 1 344.326879578113 95751 103111
"990" 6.38856140554563 0 0 0 0 0 1 1 1 344.326879578113 95751 103111
"991" 6.27476202124194 0 0 0 0 1 0 1 1 524.218465909014 96268 102616
"992" 5.99645208861902 0 0 0 0 1 0 0 0 647.577794554446 95920 102138
"993" 5.96870755998537 0 0 0 0 0 1 0 1 551.153336196017 96107 102334
"994" 5.0998664278242 0 1 0 0 0 0 0 1 551.153336196017 96107 102334
"995" 6.68959926917897 0 0 0 0 0 1 1 1 551.153336196017 96107 102334
"996" 6.22653666928747 0 0 0 0 1 0 1 1 738.035906985561 95966 101998
"997" 6.289715570909 0 0 0 0 0 1 1 1 1836.78550734701 97532 103272
"998" 6.45047042214418 0 0 0 0 0 1 1 1 1064.80045078879 97156 102083
"999" 5.61677109766657 0 0 0 1 0 0 0 0 112.329871361094 94859 99183
"1000" 5.99645208861902 0 0 0 1 0 0 0 0 325.259896083117 94843 99252
"1001" 5.32300997913841 0 1 0 0 0 0 0 0 78.390050389064 94880 99215
"1002" 5.12989871492307 0 0 1 0 0 0 0 0 78.390050389064 94880 99215
"1003" 5.67332326717149 0 0 0 0 1 0 0 0 511.188810519166 94719 99701
"1004" 5.78074351579233 0 0 0 1 0 0 0 0 511.188810519166 94719 99701
"1005" 5.30330490805908 0 0 1 0 0 0 0 0 511.188810519166 94719 99701
"1006" 5.4249500174814 0 0 0 1 0 0 0 0 511.188810519166 94719 99701
"1007" 5.79909265446053 0 0 0 0 1 0 0 0 319.626344346019 94972 99565
"1008" 5.52545293913178 0 0 1 0 0 0 0 0 319.626344346019 94972 99565
"1009" 5.76519110278484 0 0 0 1 0 0 0 0 264.461717456421 94916 99508
"1010" 4.95582705760126 0 1 0 0 0 0 0 0 211.624667749296 94880 99445
"1011" 4.66343909411207 0 1 0 0 0 0 0 0 425.564331212098 94784 99637
"1012" 5.91350300563827 0 0 0 0 1 0 0 0 425.564331212098 94784 99637
"1013" 5.57594910314632 0 0 0 1 0 0 0 0 371.655754697812 94900 99614
"1014" 5.30330490805908 0 0 1 0 0 0 0 0 587.663168830581 95025 99930
"1015" 5.78074351579233 0 0 0 1 0 0 0 0 544.867873892378 94999 99867
"1016" 5.33753807970132 0 0 0 1 0 0 0 0 544.867873892378 94999 99867
"1017" 5.35185813347607 0 0 0 1 0 0 0 0 544.867873892378 94999 99867
"1018" 5.44673737166631 0 0 1 0 0 0 0 0 602.827504349296 94883 99853
"1019" 5.0998664278242 0 1 0 0 0 0 0 0 645.9605251097 94839 99882
"1020" 4.91998092582813 0 0 1 0 0 0 0 0 645.9605251097 94839 99882
"1021" 5.51342874616498 0 0 1 0 0 0 0 0 645.9605251097 94839 99882
"1022" 6.40191719672719 0 0 0 0 1 0 1 0 645.9605251097 94839 99882
"1023" 5.81413053182507 0 0 0 0 1 0 0 1 303.275452353137 95447 99685
"1024" 5.48479693349065 0 0 1 0 0 0 0 0 93.4933152690608 95527 99490
"1025" 6.09356977004514 0 0 0 1 0 0 0 1 93.4933152690608 95527 99490
"1026" 6.26909628370626 0 0 0 0 1 0 0 0 93.4933152690608 95527 99490
"1027" 5.85507192220243 0 0 1 0 0 0 0 0 106.004716876184 95471 99412
"1028" 6.78784498230958 0 0 0 0 0 1 0 0 106.004716876184 95471 99412
"1029" 6.19847871649231 0 0 1 0 0 0 0 0 106.004716876184 95471 99412
"1030" 4.82028156560504 0 0 0 1 0 0 0 0 521.254256577344 95752 99902
"1031" 5.75890177387728 0 0 1 0 0 0 0 0 515.239750019348 95801 99875
"1032" 6.04737217904628 0 0 0 1 0 0 0 0 515.239750019348 95801 99875
"1033" 5.29831736654804 1 0 0 0 0 0 0 0 376.807643234582 95637 99783
"1034" 6.22059017009974 0 0 0 1 0 0 0 0 376.807643234582 95637 99783
"1035" 5.44673737166631 0 0 0 1 0 0 0 0 287.179386446869 95603 99697
"1036" 5.63835466933375 0 0 0 1 0 0 0 0 287.179386446869 95603 99697
"1037" 5.99146454710798 0 0 1 0 0 0 0 0 334.902971022952 95741 99703
"1038" 7.20785987143248 0 0 0 0 0 1 0 0 355.038026132413 95823 99667
"1039" 5.94017125272043 0 0 0 1 0 0 0 0 167.705098312484 95691 99534
"1040" 6.14203740558736 0 0 0 1 0 0 0 1 167.705098312484 95691 99534
"1041" 6.44571981938558 0 0 0 0 1 0 0 0 167.705098312484 95691 99534
"1042" 6.68835471394676 0 0 0 0 1 0 0 1 167.705098312484 95691 99534
"1043" 5.78382518232974 0 0 0 1 0 0 0 0 129.096862858863 95572 99540
"1044" 5.57594910314632 0 0 1 0 0 0 0 0 274.446716139946 95841 99486
"1045" 5.08759633523238 0 0 0 0 1 0 0 0 369.682296032688 95796 99404
"1046" 5.32300997913841 0 0 0 1 0 0 0 0 369.682296032688 95796 99404
"1047" 5.15329159449778 0 0 0 1 0 0 0 0 369.682296032688 95796 99404
"1048" 5.41164605185504 0 0 0 1 0 0 0 0 369.682296032688 95796 99404
"1049" 5.78074351579233 0 0 0 0 1 0 0 0 NA NA NA
"1050" 5.91079664404053 0 0 0 1 0 0 0 0 169.799882214329 95365 98958
"1051" 5.63835466933375 0 0 1 0 0 0 0 0 169.799882214329 95365 98958
"1052" 6.45990445437753 0 0 0 0 0 1 0 0 169.799882214329 95365 98958
"1053" 5.94017125272043 0 0 0 1 0 0 0 0 84.0535543567314 95450 98990
"1054" 5.51745289646471 0 0 1 0 0 0 0 0 84.0535543567314 95450 98990
"1055" 5.05624580534831 0 0 1 0 0 0 0 0 145.086181285469 95344 98847
"1056" 5.59098698051086 0 0 0 1 0 0 0 0 262.937254872717 95124 98737
"1057" 6.0282785202307 0 0 1 0 0 0 0 0 287.179386446869 95105 98828
"1058" 5.78689738136671 0 0 0 1 0 0 0 0 287.179386446869 95105 98828
"1059" 6.04500531403601 0 0 0 0 1 0 0 0 193.341666487077 95274 98867
"1060" 5.68697535633982 0 0 1 0 0 0 0 0 193.341666487077 95274 98867
"1061" 6.16541785423142 0 0 0 1 0 0 0 0 229.45151993395 95222 98804
"1062" 5.89989735358249 0 0 0 1 0 0 0 0 121.803119828681 95104 99132
"1063" 5.7037824746562 0 0 0 1 0 0 0 0 121.803119828681 95104 99132
"1064" 5.3890717298165 0 0 1 0 0 0 0 0 106.075444849409 95088 98952
"1065" 6.45204895443723 0 0 0 0 1 0 0 0 106.075444849409 95088 98952
"1066" 6.45519856334012 0 0 0 1 0 0 0 0 106.075444849409 95088 98952
"1067" 6.00141487796115 0 0 0 1 0 0 0 0 67.1192967781993 94924 98994
"1068" 6.07073772800249 0 0 0 0 0 1 0 0 135.203550249245 94934 99112
"1069" 6.22257626807137 0 0 0 1 0 0 0 0 120.108284476967 95063 99091
"1070" 6.13339804299665 0 0 0 0 1 0 0 0 120.108284476967 95063 99091
"1071" 6.18208490671663 0 0 0 0 1 0 0 0 76.3806258157132 95035 99010
"1072" 5.63478960316925 0 0 1 0 0 0 0 0 76.3806258157132 95035 99010
"1073" 5.59471137960184 0 0 1 0 0 0 0 0 85.5628424025289 95012 99185
"1074" 5.35185813347607 0 0 1 0 0 0 0 0 216.113396160442 94764 98964
"1075" 6.37842618365159 0 0 0 0 0 1 0 0 216.113396160442 94764 98964
"1076" 6.13556489108174 0 0 0 1 0 0 0 0 216.113396160442 94764 98964
"1077" 5.49306144334055 0 0 0 1 0 0 0 0 200.44450603596 94868 98939
"1078" 5.57594910314632 0 0 0 1 0 0 0 0 170.293863659264 95001 98752
"1079" 5.4510384535657 0 0 0 0 1 0 0 0 187.579316557023 95016 98711
"1080" 5.57594910314632 0 0 1 0 0 0 0 0 187.579316557023 95016 98711
"1081" 6.10479323241498 0 0 0 1 0 0 0 1 187.579316557023 95016 98711
"1082" 5.18738580584075 0 0 1 0 0 0 0 0 98.737024463977 94913 98797
"1083" 5.24702407216049 0 0 1 0 0 0 0 0 98.737024463977 94913 98797
"1084" 5.64897423816121 0 0 1 0 0 0 0 0 98.737024463977 94913 98797
"1085" 6.74523634948436 0 0 0 0 0 1 0 1 98.737024463977 94913 98797
"1086" 6.22653666928747 0 0 0 1 0 0 0 0 98.737024463977 94913 98797
"1087" 5.87773578177964 0 0 0 1 0 0 0 0 98.737024463977 94913 98797
"1088" 6.71901315438526 0 0 0 1 0 0 0 1 138.177422178878 94813 98879
"1089" 5.47646355193151 0 0 0 1 0 0 0 0 188.279048223641 95065 98789
"1090" 4.80402104473326 0 1 0 0 0 0 0 0 287.403896981234 94281 98949
"1091" 4.43081679884331 0 0 1 0 0 0 0 0 287.403896981234 94281 98949
"1092" 4.43081679884331 0 0 1 0 0 0 0 0 287.403896981234 94281 98949
"1093" 4.43081679884331 0 0 1 0 0 0 0 0 287.403896981234 94281 98949
"1094" 4.43081679884331 0 0 1 0 0 0 0 0 287.403896981234 94281 98949
"1095" 4.43081679884331 0 0 1 0 0 0 0 0 287.403896981234 94281 98949
"1096" 4.43081679884331 0 0 1 0 0 0 0 0 287.403896981234 94281 98949
"1097" 4.93447393313069 0 0 1 0 0 0 0 0 287.403896981234 94281 98949
"1098" 4.33073334028633 1 0 0 0 0 0 0 0 349.871404947589 94373 99020
"1099" 5.19295685089021 0 0 0 1 0 0 0 0 406.078810084939 94392 98905
"1100" 4.91998092582813 0 0 0 1 0 0 0 0 406.078810084939 94392 98905
"1101" 4.53259949315326 0 0 1 0 0 0 0 0 406.078810084939 94392 98905
"1102" 4.53259949315326 0 0 1 0 0 0 0 0 406.078810084939 94392 98905
"1103" 5.63478960316925 0 0 0 1 0 0 0 0 344.053774866662 94253 98827
"1104" 5.03043792139244 0 0 1 0 0 0 0 0 344.053774866662 94253 98827
"1105" 5.59842195899838 0 0 1 0 0 0 0 0 344.053774866662 94253 98827
"1106" 5.31811999384422 0 0 0 1 0 0 0 0 344.053774866662 94253 98827
"1107" 5.31811999384422 0 0 0 1 0 0 0 0 365.165715805852 94470 98797
"1108" 5.34233425196481 0 0 0 1 0 0 0 0 365.165715805852 94470 98797
"1109" 4.58496747867057 1 0 0 0 0 0 0 0 407.070018547178 94339 98824
"1110" 4.77068462446567 0 1 0 0 0 0 0 0 349.656974762409 94290 98706
"1111" 5.30330490805908 0 0 0 0 1 0 0 0 349.656974762409 94290 98706
"1112" 5.4510384535657 0 0 0 1 0 0 0 0 349.656974762409 94290 98706
"1113" 5.52545293913178 0 0 1 0 0 0 0 0 430.297571454918 94372 98688
"1114" 6.07073772800249 0 0 0 1 0 0 0 0 430.297571454918 94372 98688
"1115" 4.59511985013459 0 0 1 0 0 0 0 0 218.277346511268 94156 98629
"1116" 5.32300997913841 0 0 0 1 0 0 0 0 218.277346511268 94156 98629
"1117" 4.98360662170834 0 1 0 0 0 0 0 0 182.912547409958 93949 98925
"1118" 4.30406509320417 0 0 1 0 0 0 0 0 164.778639392368 94046 98925
"1119" 4.70048036579242 0 0 0 1 0 0 0 0 164.778639392368 94046 98925
"1120" 4.30406509320417 0 0 1 0 0 0 0 0 164.778639392368 94046 98925
"1121" 4.33073334028633 0 0 1 0 0 0 0 0 200.062490237426 94154 98932
"1122" 5.80211837537706 0 0 0 0 1 0 0 0 200.062490237426 94154 98932
"1123" 5.7037824746562 0 0 0 0 1 0 0 0 260.232588274413 94162 98811
"1124" 5.67332326717149 0 0 0 0 1 0 0 0 260.232588274413 94162 98811
"1125" 5.08759633523238 0 0 0 1 0 0 0 0 260.232588274413 94162 98811
"1126" 4.68213122712422 0 1 0 0 0 0 0 0 260.232588274413 94162 98811
"1127" 5.61312810638807 0 0 0 1 0 0 0 0 140.60227594175 94054 98757
"1128" 4.9416424226093 0 0 0 1 0 0 0 0 140.60227594175 94054 98757
"1129" 5.08759633523238 0 0 0 0 1 0 0 0 179.025137899682 93945 98851
"1130" 5.34710753071747 0 0 1 0 0 0 0 0 136.821051011897 94138 99173
"1131" 4.55387689160054 0 0 1 0 0 0 0 0 136.821051011897 94138 99173
"1132" 4.85203026391962 0 0 1 0 0 0 0 0 833.441659625915 94148 99006
"1133" 4.66343909411207 0 0 1 0 0 0 0 0 833.441659625915 94148 99006
"1134" 4.55387689160054 1 0 0 0 0 0 0 0 833.441659625915 94148 99006
"1135" 4.55387689160054 1 0 0 0 0 0 0 0 833.441659625915 94148 99006
